10
273
492 -404 161 445 -290 -395 13 492 388 142 113 -467 -463 -393 306 -41 102 -199 291 269 -251 -291 296 160 -150 174 -377 230 -55 -15 60 -168 226 380 310 -470 436 -198 226 259 -123 -36 113 -426 494 228 445 215 248 287 -228 85 -491 -359 -136 -174 121 111 64 -9 355 -56 -402 287 -368 -295 -191 -169 116 498 361 -158 -412 -29 154 400 -50 -494 105 329 103 424 22 350 -423 224 424 82 177 73 422 269 372 307 -160 439 423 313 82 215 311 359 -21 -312 -225 422 132 -196 -181 353 -177 -123 373 1 349 439 -473 -266 -406 305 -411 420 468 440 -177 -386 164 -72 -173 335 -166 -178 192 292 -23 110 394 346 156 456 87 473 325 94 -131 494 280 334 -305 116 367 472 -233 -63 -235 256 -341 188 -433 471 23 -407 267 -34 -311 -125 -116 346 -352 372 -494 55 -1 17 -60 148 -319 -82 -432 -229 -177 282 -221 408 417 -229 -117 -458 -402 -498 142 -206 -321 216 -223 -341 453 -457 452 -427 -457 99 154 6 460 -194 68 -32 -85 -458 -163 -371 478 -31 -31 225 -233 -14 495 -430 196 -60 -190 196 304 -386 49 14 -243 -20 5 37 -286 100 297 172 47 -303 362 272 39 -411 382 -152 454 454 87 37 9 289 494 328 446 50 55 127 -126 -73 63 18 21 115 -204 158 -58 -314 415 258 -151 469 223 -214 -111
362
-11 309 354 -425 180 269 -333 361 242 279 -471 168 -2 29 200 283 165 -364 245 -105 82 -211 -229 -452 358 -285 -218 151 316 -313 369 -313 410 41 -347 318 106 -244 -210 -223 162 161 -273 346 21 5 -112 -478 -250 479 -451 410 471 325 -215 -81 -406 -483 317 -363 170 -169 -333 -252 -25 390 417 132 -127 -103 22 -202 463 -480 -149 -153 -422 487 -177 391 119 -320 354 110 124 210 -294 325 -270 272 241 259 444 42 -83 462 -3 441 -447 67 -285 321 20 123 -476 -359 446 -236 378 -451 181 -409 361 -297 480 -385 -247 -355 -245 -385 -487 385 305 17 -224 455 260 316 -47 124 -28 148 173 -422 -495 91 -220 -68 135 -111 -147 95 -138 500 -225 -370 -58 211 -373 56 -389 221 -13 469 470 356 322 239 -130 -464 96 159 397 320 336 371 94 445 252 57 -222 496 384 420 -197 255 138 -64 -369 412 -476 495 72 143 177 -348 -325 27 -324 -415 251 3 184 -170 -195 -480 202 213 -449 484 227 -180 -384 -243 328 131 -469 -41 185 -157 -283 453 445 62 32 257 -68 112 -213 -132 -121 11 242 -343 306 210 -376 -93 -51 -171 -474 -445 148 -50 -301 -161 -124 480 -395 136 -257 54 256 461 -449 -402 499 -444 194 -182 -27 239 -38 -116 331 249 -110 -282 -20 -369 -160 423 -323 406 164 -422 347 -86 53 489 -451 -481 156 59 -397 -357 -422 291 488 -18 426 -32 360 -12 369 -241 -269 -239 455 107 109 -187 65 -9 -498 -325 -478 338 -12 376 -385 364 149 353 388 438 303 226 -162 -128 -62 345 -216 -369 451 -265 -103 193 146 283 315 145 -142 -54 -21 72 -385 164 337 -421 490 56 87 -328 114 56 466 -289 370 233 272 -352 -45 -52 -271 137 -426 -350 459 186 373 -345 404 -363 1 398 370 -97 -214 328 279 -326
364
181 293 -57 -218 497 148 286 276 417 -112 -327 260 431 -281 -379 228 465 -126 193 -472 425 -167 -208 47 343 -139 241 -427 -2 441 -187 -24 301 -213 190 -268 -308 -381 390 1 298 -280 -337 118 -234 -258 -411 314 -283 4 -207 -205 -193 379 159 -258 -228 134 139 82 -215 367 130 -415 471 -145 330 -263 -258 19 497 320 -478 23 326 325 147 -93 -103 299 1 291 -471 -341 489 -381 -498 -213 338 -42 -382 -184 -261 -77 -347 482 -138 -394 -40 327 -371 202 363 36 -38 -109 257 -228 -283 -106 47 197 273 -318 -169 -462 135 -391 -178 -381 229 72 -36 -246 85 75 323 191 -368 294 393 110 235 459 -424 278 77 -343 26 489 -330 -25 261 -469 160 230 -389 147 -163 196 307 65 -432 -301 -468 -102 -33 -293 -168 51 408 416 139 168 221 -346 156 -457 477 35 440 -447 310 -466 165 264 288 376 224 -254 -451 281 56 330 499 -248 -17 414 339 2 433 -480 -178 414 -406 102 274 368 394 -258 -68 483 183 -359 -114 445 363 -255 -385 398 187 43 166 377 -165 129 -474 -377 126 453 28 421 -113 382 -349 -425 302 200 -467 -303 374 -202 -479 55 241 -173 3 -386 37 384 294 473 -492 -347 -368 -472 -30 -497 -306 297 6 -198 136 185 -149 234 417 -482 -342 -271 372 341 -117 200 -485 -85 -272 253 -103 237 41 -435 192 -231 -375 -455 -153 479 181 -203 -388 -4 273 -141 163 90 413 397 54 185 68 384 -242 -365 292 -239 102 22 -150 250 412 120 -80 9 -426 -164 61 -181 130 -369 234 -394 -202 411 265 -377 293 -12 109 -414 -157 489 -412 410 -313 -9 -213 175 -373 -426 151 453 -359 264 267 -321 370 -198 -288 2 91 -253 59 -447 236 -178 320 -342 168 -431 -174 228 448 7 -171 -20 292 -430 -243 16 -82 -421 316 290
362
-234 200 7 231 -199 -118 -251 36 474 307 268 -363 375 -479 281 39 -361 475 -122 151 297 -325 -199 -11 -341 136 449 -79 258 -40 -471 476 468 -271 -126 -234 368 -411 -188 498 -57 441 116 451 -454 -448 128 217 -23 -250 467 -449 -152 -468 -472 38 -306 -183 327 -92 167 -258 78 -443 -360 -77 -240 162 113 482 102 267 439 -473 -434 143 497 223 -258 -92 -272 -63 -202 -351 -209 -79 114 356 69 261 -330 197 415 -61 307 -277 314 485 -18 -232 436 -57 385 -260 -434 63 -245 361 148 -134 2 444 307 173 -340 336 -68 329 -456 -359 17 46 55 263 -291 -143 85 83 339 -250 -337 38 -79 101 -476 -250 309 470 -271 151 423 446 -334 -210 47 315 208 -16 297 -224 130 307 66 426 150 -243 -326 -382 -228 -95 -127 -195 112 30 -362 452 178 53 380 -358 -330 -136 253 -484 -196 121 -272 39 -114 -120 -359 179 -63 -287 -224 -471 -181 -349 -472 -414 -166 358 -104 -230 180 -383 4 -26 261 23 -409 466 140 379 193 401 33 -130 7 130 -172 -109 4 12 122 62 297 79 -472 -119 -439 72 284 -96 -7 -269 215 97 367 -354 -323 -273 -83 483 252 -404 234 -73 385 453 351 231 -244 -273 -17 -488 52 13 150 -76 -461 407 -60 196 -389 274 174 318 99 59 240 291 213 -240 68 -109 400 340 -142 -29 -82 255 434 -398 -47 -348 212 43 468 351 -59 -299 -319 -447 -342 -288 267 -247 -100 -114 396 -189 -441 -277 456 -444 -12 53 -401 492 25 389 22 -385 -399 -164 71 264 -146 209 -132 -299 -351 462 -411 146 -112 119 389 168 67 138 -245 -44 -368 350 105 493 151 263 -173 345 404 -121 65 -354 212 88 -311 -497 -298 -9 -232 266 -96 -279 -99 -354 330 -40 -479 140 140 -136 -38 -259 137 -282 -241 432 268 -257
270
86 121 -483 -291 327 438 200 307 -129 -23 -290 -87 -423 -339 -464 -261 -461 349 -85 476 404 7 -156 255 -376 -480 292 -369 47 -21 416 -432 380 -478 123 483 -416 10 166 -462 186 -59 354 364 -2 -253 6 -18 181 -20 -495 205 -144 -427 -67 -17 -107 0 251 -160 494 -351 68 -401 -350 -459 -461 264 315 -435 472 457 -124 -95 -238 95 9 -128 -48 356 -66 -296 88 139 318 139 -76 -95 319 107 129 -159 -345 -473 410 403 374 -89 316 -69 353 -257 -226 36 -268 -329 -20 -417 -364 87 66 108 421 -389 109 -313 -409 -106 -13 280 -82 -415 -314 40 -477 -66 467 354 114 -95 12 -208 -45 -10 -12 -313 -313 -124 -409 233 -38 -274 122 245 66 -61 82 -195 -154 418 276 -265 90 405 86 209 235 -328 -377 -41 -345 372 356 119 -430 434 482 -139 479 -401 -285 336 133 -242 -344 -369 90 -358 334 -92 -44 10 161 373 417 -391 -427 8 204 157 352 -2 252 142 -220 -347 164 161 -469 -142 -299 -375 372 109 265 158 -171 -488 305 -96 244 -102 -443 -235 -207 -145 420 -394 -176 -383 203 156 -423 240 -375 170 297 -23 -99 -207 126 224 246 -268 -214 -219 420 447 -427 -413 182 314 418 -74 -448 -369 -113 192 70 -439 -202 -81 -53 342 -422 119 225 322 342 -299 -481 -414 -221 135 15 332 285 300 455 -456
274
-70 420 349 -324 375 442 -189 -90 12 408 339 -425 -30 -297 182 -420 -147 -360 427 -437 159 357 346 -390 -377 243 -37 12 -331 432 -84 223 450 -59 -365 189 -459 387 320 -372 447 11 156 213 -323 -292 413 -184 190 -421 197 -307 164 -246 116 239 -91 255 -166 340 -273 -97 82 -156 456 395 -342 -419 351 -49 347 83 313 -63 499 327 305 48 281 119 -46 -305 -248 258 266 478 256 -416 304 -24 -358 474 182 -252 -363 386 100 -160 -445 -412 -473 218 -225 234 406 425 418 197 213 487 -158 166 435 -207 -96 489 293 -176 35 -424 -442 21 455 211 -275 -36 -80 -476 -58 239 123 392 -295 -20 315 -87 30 315 -315 -387 289 -257 319 207 -74 414 -462 69 353 114 -478 309 453 375 -81 107 -313 137 -154 183 211 86 -131 232 119 -479 -103 295 349 339 302 -179 -235 -335 -324 -41 274 458 259 -338 269 -218 -169 191 -12 -38 -279 464 415 341 346 -387 -337 233 -315 -2 256 -56 -403 153 437 302 166 -209 35 165 137 185 -314 -356 180 -67 -130 -331 -258 135 -386 -454 170 -405 458 -296 485 -147 365 21 5 -192 -201 236 -192 422 264 249 -297 -36 -394 373 384 -77 -459 -449 413 -379 160 -200 232 -106 1 -169 -100 -12 410 69 142 -354 -61 429 440 -187 -435 193 409 -336 410 -182 -263 -134 108 397 -312 -37 -77 -410
486
466 331 10 -405 -416 232 76 38 1 -434 -21 -459 -111 256 321 -82 -485 -402 64 -432 -424 -451 -63 -240 66 238 496 307 479 -235 -174 297 -172 -318 -182 263 79 171 -146 -311 232 268 -388 -455 -201 397 395 -314 -90 -352 215 -370 -153 322 404 -489 300 228 -216 -3 -47 402 -185 233 -20 99 474 -37 280 -64 -175 -472 -287 -92 -7 397 -217 -480 -60 391 127 -244 -25 450 24 362 -414 -169 298 116 -127 -463 259 -104 -492 192 -9 334 -425 -457 -151 165 229 -107 -209 -102 -417 410 394 485 -64 334 -103 85 206 322 -465 -64 -127 -396 -386 -249 243 490 -221 116 315 -164 -494 -300 -221 -115 428 221 498 250 -463 204 -158 160 388 364 37 -71 -269 -101 -237 -217 -404 -92 252 147 -415 -418 351 306 -84 -50 6 33 -372 -346 -180 92 -264 -9 -330 45 382 -323 -409 -457 414 378 338 -312 -278 93 303 -426 233 -296 311 168 365 -169 215 -162 -18 454 -467 -245 -374 -184 323 346 -182 496 -447 139 -449 1 137 157 221 -303 470 -193 191 0 -186 424 239 -65 -282 -491 -202 452 472 230 -278 -79 80 -374 196 206 207 -438 377 26 -339 221 -455 28 -304 -499 289 316 388 -121 192 264 307 -351 -121 461 -351 -323 231 -310 127 -237 -162 -34 -452 -12 -398 112 -435 -393 17 -346 -245 202 250 384 -452 480 148 436 20 463 353 265 490 103 -218 116 -463 173 -347 -90 492 233 -165 -426 2 339 13 214 -241 -401 340 7 -132 -478 -196 -1 -447 -259 413 -224 -387 -247 41 -437 -459 -399 -364 -34 254 403 31 377 196 58 -22 -92 357 -83 34 -375 10 -412 286 291 -268 -235 -40 -387 404 -274 232 -448 236 -271 -144 149 377 422 -161 -66 290 259 320 386 217 216 446 -351 288 129 477 -307 11 337 -428 266 -425 -330 -165 388 75 -280 301 -441 226 101 -329 -146 341 -390 -331 -53 -58 -304 -350 -12 -212 253 154 453 -188 -72 366 93 225 403 158 -135 277 -109 -498 -27 -111 364 -210 -210 -121 -486 -373 432 -217 -198 -154 54 -158 437 -266 162 -122 119 -61 -109 126 19 -240 173 62 395 -473 -45 -464 -5 221 -46 44 -149 -448 182 -447 103 346 67 -195 -401 -73 -404 -472 286 4 -219 391 437 169 214 176 -232 -426 -64 395 274 -199 94 235 333 28 -231 114 145 -2 2 218 306 -77 27 -211 -129 479 198 439 246 74 124 262 -364 -5 399 -465 -276 124 -129 312 -498 100 238
311
364 293 -374 -222 -280 -172 -144 470 -386 -108 185 -344 -279 -148 168 -289 -143 -264 -411 -49 13 305 302 -117 -143 137 178 326 270 -102 -337 -475 458 235 -351 -350 -120 15 -497 -331 -130 -114 74 -328 287 121 -279 83 -175 -270 -454 -155 340 350 -143 -122 336 -8 -283 286 -127 416 -52 -423 369 -34 255 -273 -412 348 -233 138 160 -128 -173 349 -155 194 6 368 -345 253 380 353 -430 -277 126 -329 231 -34 174 -3 -82 265 -395 34 384 497 445 410 -22 476 170 313 -402 -204 341 -500 5 -443 -40 82 -68 412 -333 -61 -51 326 85 159 -373 -402 -6 -273 -355 481 340 130 -70 -325 449 431 -356 -452 325 -81 -345 -191 315 351 -477 -500 443 -180 50 485 365 -172 199 388 -337 -451 -325 489 -496 8 207 366 96 302 -202 366 440 -342 -282 -498 -311 381 -291 465 -122 455 445 175 222 -197 -303 -16 230 -312 -86 7 67 -89 -12 263 485 161 -93 19 412 438 -288 -249 52 227 -233 124 -42 438 -399 148 -298 412 144 479 -311 390 419 -265 173 -308 -128 349 109 176 -110 -65 -458 -230 279 233 234 415 470 -335 253 55 -375 440 402 -404 -23 275 -327 270 -471 -202 141 241 100 -143 207 98 -271 -235 315 149 -397 -266 73 452 161 277 -492 -15 -258 286 -118 32 -291 461 -100 438 -68 -427 -373 -31 411 212 -326 -89 -241 399 -136 -296 -220 -317 -249 -71 58 -67 238 -265 -174 328 -254 -70 -309 -318 -441 120 253 -168 215 22 -468 -324 381 -14 -29 -374 134 -30 253 150 -153 -39 -200 -467 213
289
159 121 295 -125 -292 -41 470 499 209 264 -55 194 -345 -198 392 499 284 367 360 68 -489 -196 -6 115 413 -212 -52 433 -267 -349 408 251 401 -493 409 -155 -381 -78 231 127 -308 -188 -477 155 500 -174 184 306 347 -99 -87 361 -305 75 354 -11 -210 329 -357 -13 -158 363 -82 470 465 -256 324 -473 -421 428 -123 254 303 474 57 -141 -114 451 -249 431 471 342 210 -434 32 -422 248 50 3 -148 -129 -276 -406 -87 100 -380 41 370 9 -328 -385 -372 -189 116 449 -460 196 -211 19 102 76 -440 -249 69 -26 404 -84 300 122 321 26 -399 -66 220 418 208 -328 255 -110 223 -458 -397 -70 152 -62 -287 -238 4 377 0 205 -231 204 439 -484 183 60 250 -303 -142 -305 77 90 -397 -2 190 -443 -76 -432 472 -47 -213 -250 -201 130 -81 -3 292 -426 82 458 -39 -405 -278 119 -37 -350 357 207 380 -202 44 -377 -75 -437 -43 498 -375 190 -398 -445 -374 213 -243 107 124 73 287 313 -323 109 118 273 -235 -417 419 -254 331 271 -363 -146 32 43 194 119 -342 -495 -273 -417 -127 -19 220 -6 483 -69 326 220 304 259 479 493 -408 -28 -70 -129 390 -190 266 63 290 -366 -106 -332 -19 -353 -22 -253 1 -76 63 -82 390 148 210 -453 457 -154 -127 -424 72 -289 129 442 -206 373 320 -319 252 -496 371 390 487 -270 -60 -174 -496 -225 431 284 453 -482 -407 158 105 220 -268 -436 -285 -123
292
-310 26 -249 -415 -415 338 -290 369 -263 -352 89 -483 391 136 -53 392 -327 -230 -408 -196 -371 -224 179 -206 -123 -455 57 -28 -307 199 -197 -186 400 0 218 165 -445 -4 87 318 470 90 54 108 -314 200 -211 -448 -133 -231 -371 17 -384 -37 423 165 9 -357 -115 42 -103 -426 -90 -266 317 -398 479 378 -331 -298 68 76 492 16 -233 -438 -491 66 -426 -335 209 413 323 309 151 -209 345 322 -223 -171 -173 265 -376 -106 -175 41 398 -385 -490 369 -232 -314 -329 -428 202 337 161 281 -264 468 52 438 408 80 415 -140 191 39 -211 -96 371 495 -211 -381 139 -459 286 388 -49 -344 314 -150 468 32 218 194 -55 -459 56 -175 -105 149 427 35 -154 223 17 -456 7 474 -175 -8 369 370 17 449 99 -54 -160 -318 -490 -77 164 -249 233 342 157 -345 300 -378 -62 -236 215 -398 -59 -305 95 -500 -474 -166 -85 475 -438 62 -394 448 -271 51 498 460 -273 -226 370 151 245 297 70 46 113 -223 -337 -353 -212 142 -471 296 -406 77 -371 451 -209 -444 432 -94 -228 -178 -176 347 161 163 -440 451 -11 -56 99 128 -367 -1 -359 387 -9 32 -169 366 162 -292 -209 -359 -118 435 16 429 427 -75 375 -2 486 -223 3 398 -193 352 -437 -124 335 185 163 -220 -499 -340 97 -234 118 -287 244 -216 -483 485 135 -191 -384 -190 -1 -151 68 -427 -252 -360 310 409 -493 -409 -60 -386 455 417 168 432 -11 -474 429 274
