5
7 59
2 6 5 1 0
4 4 4 4 0
6 1 5 3 0
8 4 5 2 0
11 6 5 3 1
17 3 1 5 1
18 4 5 2 0
20 5 4 3 1
21 4 4 3 0
23 7 4 4 1
24 1 2 2 0
24 4 5 4 1
24 1 1 2 0
26 2 2 2 1
27 5 4 1 0
28 7 3 2 1
28 5 2 5 0
29 1 2 4 1
36 1 3 5 1
36 1 3 5 1
37 2 5 4 0
38 6 4 2 1
39 2 5 3 1
40 2 2 5 1
47 1 3 2 1
48 2 4 3 1
48 5 3 1 0
48 6 1 1 0
51 1 5 5 0
52 7 3 5 0
54 4 4 5 0
55 2 5 4 0
56 3 4 1 0
58 2 1 1 1
59 4 5 4 0
60 1 1 1 0
62 2 1 2 0
64 7 4 3 1
66 2 3 2 1
67 4 4 5 1
67 4 1 2 1
68 3 1 1 0
71 6 4 5 1
72 2 2 3 0
74 1 4 3 0
74 3 2 1 1
82 5 5 5 1
84 2 3 4 0
85 6 4 1 1
86 3 4 4 0
87 3 4 3 0
88 4 3 5 1
89 7 3 4 1
89 7 3 4 1
91 3 3 4 0
92 4 2 1 1
94 5 4 4 0
95 2 3 3 0
95 6 5 2 1
7 69
1 4 3 5 0
1 2 2 3 0
1 2 4 4 1
2 3 5 3 1
3 7 2 3 0
4 5 3 2 0
5 6 5 5 1
10 6 4 3 0
12 7 2 4 0
12 7 3 5 0
15 7 4 3 1
16 6 4 1 0
17 3 5 5 1
18 1 4 4 1
20 5 4 2 1
22 2 5 3 0
27 3 3 4 1
30 1 4 5 1
33 6 4 3 0
34 5 5 3 0
36 4 5 4 0
37 1 5 1 0
37 6 2 5 1
41 7 3 5 0
41 5 5 5 0
43 2 3 1 1
43 2 1 4 0
43 4 5 1 1
43 6 5 5 1
43 7 4 1 1
44 5 3 4 0
44 6 4 4 0
45 2 1 2 1
46 2 4 1 0
47 7 2 3 1
47 6 3 2 1
47 7 5 2 1
49 5 3 2 1
50 5 3 4 0
50 5 2 3 0
51 3 5 5 0
52 4 2 5 0
53 7 3 5 1
61 5 4 4 1
62 7 1 4 1
63 1 5 3 1
69 4 1 2 1
69 6 1 5 0
70 6 1 3 1
70 7 2 3 0
76 2 4 1 1
78 3 1 4 1
80 7 4 4 0
80 4 1 5 0
82 7 1 3 0
83 7 3 5 0
83 5 3 3 1
83 1 2 2 1
86 7 3 1 0
86 7 5 5 0
87 4 1 3 1
90 4 5 5 0
91 2 1 1 0
93 4 5 3 1
96 6 3 3 1
96 1 5 3 1
96 3 5 1 0
97 6 4 2 1
99 7 5 5 1
6 92
2 5 3 3 1
2 3 4 4 0
2 2 3 4 1
3 6 4 1 1
4 5 4 2 1
4 3 4 5 0
5 1 4 4 1
6 2 5 4 0
6 5 5 1 0
7 1 5 3 0
9 3 5 4 1
11 1 2 5 0
12 5 4 2 1
13 6 4 4 0
16 2 2 4 0
18 1 2 1 0
18 6 2 5 1
21 4 4 5 0
21 5 5 1 0
23 6 4 5 0
23 6 5 2 1
23 5 2 4 1
24 1 1 3 0
25 4 2 5 0
26 3 2 4 1
27 3 1 5 0
33 4 1 1 1
34 6 2 4 0
34 4 1 3 0
34 3 1 5 0
34 4 2 1 1
35 5 1 3 1
36 2 1 1 0
36 3 4 1 0
37 4 5 4 1
38 1 2 1 1
39 6 3 3 1
41 5 2 1 0
41 2 4 5 1
43 6 2 5 0
44 2 5 2 1
45 4 1 4 0
46 4 1 4 0
46 5 3 3 0
46 2 4 1 0
47 5 3 2 0
50 5 4 1 0
52 6 4 5 0
52 4 1 3 1
54 2 1 4 0
56 4 3 4 0
56 1 2 2 0
57 5 1 4 1
57 1 1 4 0
58 6 1 2 0
59 4 1 2 1
61 2 3 4 0
62 2 3 4 1
63 3 2 5 0
64 4 3 3 1
65 6 5 4 0
65 5 3 5 1
66 1 1 3 0
66 2 4 3 0
73 4 4 3 1
73 3 3 2 1
73 4 2 4 1
74 6 1 2 0
75 2 5 3 1
76 2 1 3 0
77 6 4 4 0
78 3 2 5 0
79 3 5 4 1
79 5 1 1 0
81 6 3 3 1
81 1 4 1 0
81 6 5 2 0
83 5 4 1 1
84 3 4 5 1
84 4 2 3 1
85 3 1 2 0
85 1 5 5 0
86 4 4 1 0
87 5 5 1 0
87 2 2 5 1
87 2 2 3 0
87 4 2 3 0
90 6 5 2 0
92 3 2 2 0
93 5 3 1 1
94 3 4 2 0
98 1 3 1 0
6 97
1 1 5 4 1
3 2 5 1 1
3 4 3 2 0
4 2 1 2 0
5 2 5 2 1
5 2 3 4 1
6 1 5 5 0
6 2 3 4 1
9 2 5 1 1
9 5 2 1 1
9 6 1 1 1
9 4 1 5 0
10 6 5 5 0
11 5 5 5 0
11 6 1 2 0
12 3 4 1 1
13 5 4 5 0
14 2 5 5 1
14 2 1 5 0
15 4 5 3 1
15 6 3 3 1
18 6 3 1 1
19 2 3 5 1
19 1 4 3 1
20 2 4 5 0
23 5 1 2 1
28 6 1 5 0
28 3 1 5 1
28 4 5 1 1
29 3 1 3 0
31 5 1 2 0
31 1 2 3 0
32 2 5 2 1
34 6 1 3 1
34 1 2 2 1
34 6 4 2 0
34 4 5 2 1
35 6 3 2 1
36 1 1 5 0
37 5 5 3 0
40 5 1 3 0
42 6 5 5 0
42 5 1 5 1
44 1 1 5 0
46 5 2 1 1
47 1 2 2 1
47 5 3 1 0
47 3 5 5 1
48 5 5 3 1
49 1 4 4 1
51 1 4 2 0
52 4 1 3 0
54 2 4 3 1
56 3 1 3 1
56 4 1 4 0
58 5 4 5 0
58 4 4 3 0
59 5 5 2 0
59 1 1 3 0
60 4 2 4 0
60 2 3 4 0
60 1 3 1 0
61 1 1 5 0
62 4 4 4 0
63 1 1 4 0
63 6 3 1 1
63 3 2 5 0
64 2 2 4 0
64 4 1 3 1
64 1 4 1 0
64 5 1 1 1
65 4 2 3 1
65 1 2 5 0
67 6 4 1 0
69 6 5 5 1
70 3 5 1 0
70 1 3 4 0
72 1 1 3 1
75 3 2 1 0
76 4 3 2 1
76 1 4 1 0
77 2 3 3 0
78 4 3 3 1
79 1 1 5 0
80 5 3 2 0
82 5 2 4 1
82 2 2 5 1
83 4 1 5 0
85 3 1 5 0
87 1 2 3 0
88 4 4 2 1
90 6 5 3 1
93 2 1 2 0
98 4 1 3 0
98 4 1 4 1
98 1 3 2 0
100 2 1 1 1
5 97
1 1 1 5 0
1 1 1 2 1
2 1 4 1 0
2 1 4 1 0
2 4 4 2 1
2 5 3 1 1
5 5 4 4 0
10 4 2 1 0
10 5 4 1 1
11 4 1 2 1
11 3 3 4 1
12 4 5 4 0
12 4 5 5 1
13 5 1 4 1
15 5 2 3 0
16 2 3 1 1
17 2 5 4 0
21 4 1 4 1
22 2 4 3 0
23 4 5 1 0
23 1 5 3 1
23 5 2 5 1
24 1 3 2 1
24 2 5 4 0
25 3 1 3 1
26 5 4 4 0
28 1 2 3 0
28 5 2 1 1
28 4 5 1 0
32 5 4 1 1
33 4 2 1 0
35 1 5 2 1
35 1 4 1 1
36 1 5 1 0
37 2 4 4 1
39 1 4 5 0
39 4 2 5 1
40 2 5 1 0
41 3 5 4 0
41 2 1 2 1
41 3 2 5 0
42 3 2 3 0
42 1 1 3 1
42 3 2 3 0
44 4 4 4 1
45 5 2 2 0
46 4 1 4 1
48 3 2 2 0
49 5 1 4 0
49 1 5 5 1
50 5 2 4 1
51 2 5 5 0
52 1 5 2 0
52 5 2 4 0
52 3 4 3 1
53 1 5 3 1
53 1 5 2 1
54 1 5 2 1
58 2 1 2 0
63 2 1 3 0
64 1 5 4 0
65 1 2 3 1
67 5 4 4 0
68 3 2 4 1
68 5 5 3 1
68 1 4 1 1
68 4 5 2 0
70 2 5 5 0
71 4 5 3 1
73 3 5 2 0
74 2 3 5 0
74 4 5 1 0
75 1 5 4 1
77 2 1 5 1
79 3 4 2 0
80 3 5 1 0
80 2 5 3 1
82 2 1 4 0
85 3 4 5 0
86 5 5 1 1
87 3 5 5 0
87 2 4 4 0
87 4 5 3 0
88 3 5 2 1
89 1 1 1 0
90 1 5 3 1
91 5 4 2 1
91 4 1 5 0
91 4 2 3 0
92 1 4 1 0
92 4 2 1 0
95 3 3 1 0
98 4 2 2 0
99 3 3 4 0
99 3 4 5 1
99 4 3 1 1
99 3 2 5 0
