5
9 78
1 2 5 5 1
6 2 1 2 1
9 5 1 2 1
9 3 1 2 0
11 6 1 1 1
12 3 5 2 1
13 1 3 3 0
14 9 5 1 0
14 9 5 2 1
14 7 2 1 1
15 7 3 2 1
16 9 4 1 0
17 1 4 1 0
18 2 5 4 0
20 4 2 3 0
21 1 5 5 1
22 5 2 5 1
23 2 2 3 0
23 6 1 1 0
23 5 1 4 0
24 4 4 2 1
27 6 4 2 1
27 5 1 4 1
30 3 1 4 0
37 8 1 4 1
37 2 2 2 0
38 7 3 2 1
38 3 3 3 0
40 9 1 2 0
40 7 1 1 0
43 7 5 1 1
43 4 1 5 1
45 2 1 1 0
45 5 1 1 1
46 6 1 5 0
47 8 5 5 1
48 8 3 3 1
48 7 2 2 0
48 8 4 1 0
49 7 4 4 1
52 4 2 4 1
53 1 5 4 1
56 6 5 2 0
59 1 1 2 0
60 2 3 5 1
61 7 5 3 1
61 4 5 4 1
61 9 1 4 1
62 6 5 3 0
64 5 2 3 1
69 1 2 3 1
69 8 1 1 1
70 8 2 3 0
70 9 3 2 1
70 6 4 5 0
70 2 5 1 0
73 7 4 2 1
74 4 4 1 1
75 3 4 4 1
78 5 1 4 1
79 7 5 2 1
80 2 2 5 0
82 6 3 3 1
82 6 4 3 1
84 6 3 2 0
86 7 1 3 1
89 1 4 5 1
90 7 2 5 0
91 9 3 1 1
92 2 5 1 0
93 5 4 4 1
95 8 1 5 1
95 7 1 2 0
95 3 5 2 0
95 3 2 1 0
99 6 4 1 0
100 4 2 5 0
100 1 1 3 0
5 99
2 4 1 5 1
3 2 1 3 0
3 5 4 5 1
4 1 1 1 1
4 3 3 5 1
4 1 5 1 0
5 5 2 4 0
5 1 2 5 1
6 4 2 4 1
6 2 5 4 0
7 5 5 2 1
7 5 1 5 0
10 4 4 3 1
13 3 4 2 1
13 1 3 3 0
13 5 5 3 0
13 1 2 4 1
14 2 2 1 0
18 3 1 1 1
19 4 2 5 0
19 4 1 2 0
21 1 2 4 1
22 5 3 1 1
25 5 5 4 0
27 1 4 5 0
28 1 4 1 1
28 3 2 1 1
28 1 1 1 0
28 5 1 4 1
30 3 3 2 1
30 2 5 5 1
31 1 1 4 0
32 4 4 1 1
35 5 3 5 1
37 3 4 5 0
38 2 5 5 1
39 1 2 1 0
39 5 5 2 1
42 3 2 1 1
44 1 2 4 0
44 1 4 2 0
45 3 2 2 1
45 3 3 4 1
46 2 4 3 0
49 1 3 1 0
49 2 4 2 1
50 4 4 5 1
50 4 3 1 0
50 5 1 5 0
50 3 2 2 1
51 3 4 5 0
52 3 5 4 0
52 4 1 5 0
53 4 3 4 0
53 5 5 2 1
53 2 2 1 0
55 5 3 1 0
58 2 4 3 1
58 4 3 2 1
58 1 1 4 0
61 1 2 5 0
61 4 4 3 1
62 5 4 5 1
63 5 5 4 1
64 4 5 2 0
64 1 1 1 0
64 4 4 3 1
65 4 3 3 1
65 4 5 2 1
66 4 4 2 1
68 5 2 3 1
69 2 2 1 1
70 5 5 1 1
71 3 1 4 1
71 1 4 2 0
71 1 5 2 1
72 5 5 4 1
72 3 5 3 1
74 2 3 2 0
74 1 1 2 0
75 2 3 1 0
76 3 2 4 0
76 5 5 5 0
77 3 5 1 1
78 4 4 1 1
79 1 5 1 1
81 3 1 2 1
84 5 5 5 1
85 2 4 3 1
85 5 1 1 0
91 1 1 1 0
91 3 3 4 1
94 5 4 4 1
94 2 5 4 1
95 5 2 4 1
97 3 4 3 1
98 1 2 4 1
100 3 4 3 1
100 5 2 4 0
6 51
2 5 4 4 0
6 6 5 4 1
7 5 5 4 0
9 4 1 4 1
10 6 4 3 0
11 4 3 2 0
15 4 1 5 1
17 6 4 5 1
19 2 1 1 1
20 1 2 3 1
20 6 4 5 0
26 1 2 2 1
28 3 1 1 1
28 4 3 3 0
30 2 4 5 1
33 1 1 5 1
34 5 5 2 1
41 2 5 4 1
41 2 2 5 0
44 4 1 3 1
45 5 2 5 1
45 1 4 3 0
46 4 2 2 1
46 2 2 1 1
46 2 5 5 1
47 1 4 5 1
47 4 4 2 1
49 1 3 4 1
53 4 5 5 0
53 3 1 1 0
54 2 5 3 1
54 4 3 2 1
55 2 5 5 1
57 5 5 1 0
61 2 2 5 1
65 5 3 4 0
66 2 2 5 1
67 2 1 3 1
75 4 4 3 1
75 4 3 4 1
80 6 5 5 1
83 6 2 3 1
90 5 4 3 1
90 2 2 2 1
92 6 3 1 0
92 6 4 5 0
93 3 2 3 1
93 1 2 5 0
96 5 2 1 1
99 5 5 3 0
100 1 3 2 0
8 75
1 2 4 2 1
1 4 3 3 1
4 1 5 4 0
4 2 4 1 1
6 2 2 1 0
7 8 2 2 0
7 1 4 5 0
8 8 5 4 0
8 6 4 1 1
13 6 5 3 0
17 2 2 1 1
17 6 5 3 0
20 3 5 4 1
21 7 4 4 1
21 7 2 4 1
23 8 1 3 0
25 7 4 4 1
27 4 1 4 1
28 5 4 5 0
29 3 3 2 0
30 7 1 1 1
30 7 4 4 0
30 5 1 5 1
31 6 2 1 0
31 4 3 4 0
32 2 2 4 0
32 5 3 3 1
43 8 4 5 1
43 7 4 2 0
45 3 3 2 0
46 5 1 3 1
47 8 4 2 1
47 1 2 3 0
47 1 3 1 0
48 8 3 3 1
48 3 5 4 1
52 1 5 4 1
52 5 1 1 0
52 4 2 1 0
54 5 2 2 0
54 6 2 5 0
54 6 2 3 0
54 8 1 1 0
56 5 5 4 1
58 7 2 1 1
59 1 1 5 0
59 5 2 4 0
60 4 3 1 1
62 3 3 5 1
63 7 1 3 0
67 2 3 5 0
70 4 2 1 1
70 5 4 1 1
73 4 4 5 0
74 6 1 1 0
74 6 5 1 1
76 4 3 4 0
78 8 2 3 1
79 8 5 1 0
81 8 1 5 0
81 2 2 2 1
81 5 2 4 0
82 2 4 4 0
84 5 1 5 0
85 5 2 3 0
89 2 5 3 0
89 2 1 3 1
91 6 4 1 1
95 4 3 2 1
98 6 1 3 1
99 6 5 4 0
99 8 4 4 0
99 3 2 5 1
100 7 5 2 0
100 1 5 2 0
10 69
2 5 4 1 1
5 9 5 1 1
5 9 1 3 0
8 6 1 3 0
9 8 4 1 1
11 3 5 1 0
17 10 1 2 0
17 9 1 5 1
18 3 4 2 1
18 2 3 2 0
19 1 5 2 0
19 7 3 3 0
21 7 3 5 0
22 7 2 3 0
22 3 1 1 0
23 6 4 1 0
24 2 4 3 0
24 7 3 5 0
25 5 5 3 0
26 9 5 4 0
26 2 4 2 1
27 7 2 5 0
31 5 3 3 1
37 8 5 2 0
38 8 4 5 0
40 6 4 4 1
40 6 3 2 1
41 6 4 2 1
41 7 3 5 1
42 3 4 1 0
47 4 2 2 0
48 10 2 5 1
52 8 2 1 1
54 7 4 4 1
56 10 5 3 0
56 5 2 5 0
56 2 3 2 1
57 9 1 4 0
58 5 3 1 0
58 10 5 1 0
59 9 3 1 1
61 9 1 5 1
61 5 3 4 1
63 1 4 4 1
64 6 4 1 0
65 9 2 1 0
65 3 2 2 1
65 6 3 2 1
66 5 2 2 1
73 10 1 4 0
73 3 4 4 1
74 10 2 2 1
77 7 4 4 1
79 9 5 1 1
80 10 5 3 0
84 7 3 5 0
85 3 5 1 0
85 10 5 4 1
86 2 5 4 0
87 5 2 2 1
90 10 1 3 1
91 3 4 5 1
94 10 5 1 1
95 10 1 2 0
96 2 5 4 0
96 8 3 3 0
97 8 4 5 1
97 10 4 5 0
100 7 2 5 1
