10
69 819
1 15 5 5 0
7 63 3 2 0
8 56 2 1 0
8 22 1 2 0
9 8 4 2 0
9 69 2 5 0
9 60 5 4 0
10 61 1 2 1
10 60 3 5 0
11 40 4 3 1
14 8 3 3 1
14 4 3 3 0
16 13 1 5 1
16 64 5 5 0
18 69 2 3 0
18 5 2 2 0
18 23 1 1 0
20 46 5 4 0
23 38 2 4 1
25 42 4 2 1
25 17 1 5 0
26 29 5 3 1
26 54 1 5 1
27 38 2 5 0
29 27 2 5 1
30 23 4 5 1
30 32 3 2 1
30 66 3 3 0
34 23 2 1 0
35 37 4 2 1
36 50 2 2 1
38 56 4 5 1
39 61 5 1 0
39 56 5 1 1
40 39 5 5 1
41 24 2 3 1
44 13 3 3 1
44 7 3 5 1
45 68 2 4 0
46 9 2 1 1
51 11 3 1 1
52 30 1 2 0
53 63 3 3 0
57 41 2 5 0
60 20 1 2 1
61 56 1 4 0
63 1 5 4 0
65 14 3 3 1
66 7 4 5 0
68 25 2 1 1
69 35 5 3 1
69 17 1 1 1
69 44 2 2 1
70 61 4 4 1
71 9 3 5 0
71 5 4 2 1
74 58 5 1 0
75 17 3 4 1
77 68 2 2 1
77 33 4 2 0
78 65 2 4 1
79 21 1 1 0
81 59 1 4 1
84 62 5 1 0
87 40 2 4 0
91 4 3 3 0
93 3 3 5 0
96 29 2 5 0
98 64 3 3 0
100 52 4 5 0
103 60 5 5 1
107 2 4 2 1
107 17 5 4 0
107 14 2 5 0
109 50 4 3 1
109 2 4 3 0
109 24 2 1 1
110 62 5 3 1
111 21 5 2 0
111 14 4 1 0
117 33 1 1 0
119 22 3 2 1
120 47 5 4 0
124 33 2 1 0
125 35 1 5 1
125 26 4 5 0
129 36 1 5 0
129 32 5 1 0
130 43 2 2 1
132 48 2 5 0
132 69 1 1 0
132 60 4 5 1
133 49 2 2 0
136 50 2 1 1
137 35 3 4 0
137 60 1 1 0
138 22 2 5 1
140 3 2 5 0
143 14 2 4 1
145 64 2 2 1
147 56 1 5 1
147 16 1 5 0
148 21 3 3 0
148 19 1 5 1
149 15 2 2 0
149 35 1 1 1
153 23 2 5 0
154 48 2 1 0
155 42 1 4 0
156 56 2 2 0
156 65 2 1 1
157 36 1 3 1
157 32 5 1 1
159 69 1 5 0
160 49 2 2 0
161 31 3 3 0
161 15 3 2 1
162 51 1 3 0
164 20 2 1 1
164 59 3 1 0
167 26 4 2 1
168 19 5 2 1
168 3 4 1 0
169 56 4 3 0
169 56 1 5 1
169 41 4 2 0
171 40 2 2 0
171 22 1 5 0
174 24 1 3 0
174 60 2 1 1
176 3 2 2 1
176 41 4 3 0
177 11 2 3 0
177 15 5 2 0
179 31 5 4 0
181 51 2 1 0
181 6 5 4 0
182 26 2 2 0
182 49 4 3 1
184 10 3 2 0
184 23 1 5 1
187 53 5 3 0
190 15 1 4 1
191 20 2 4 1
191 8 2 5 1
192 24 3 4 0
192 36 4 4 0
194 37 1 4 0
195 6 1 4 0
195 33 3 4 1
196 57 2 5 0
197 38 2 5 1
197 4 2 4 0
198 43 4 5 1
198 61 3 3 0
200 59 2 4 0
200 27 2 3 1
200 67 2 2 1
201 61 4 2 0
201 64 1 1 0
202 58 3 3 0
202 20 1 3 0
209 3 4 1 0
210 40 5 2 0
210 46 5 5 0
210 46 1 2 0
211 27 4 3 0
214 50 1 5 1
217 9 1 2 0
217 56 3 4 0
219 47 1 5 1
219 14 3 3 0
220 35 3 5 0
223 2 4 4 0
225 61 4 3 0
225 21 4 1 0
226 31 1 3 0
227 31 4 1 0
228 6 2 2 1
229 44 1 5 0
229 7 5 4 1
229 52 3 4 1
230 23 2 5 1
230 40 5 4 0
232 13 3 4 0
233 66 4 2 1
233 2 1 5 0
234 7 3 3 0
234 61 5 3 0
235 32 2 1 0
236 47 5 1 1
236 33 2 4 1
236 22 4 4 0
237 26 5 3 0
237 36 2 3 0
237 52 4 2 0
238 41 5 5 0
240 41 5 1 1
242 22 4 4 0
245 59 5 4 0
245 13 4 1 0
246 27 4 1 0
246 39 2 4 0
247 24 3 3 0
248 6 3 1 0
248 17 2 2 0
249 64 1 4 0
252 63 3 1 1
253 47 3 3 0
253 64 1 4 0
253 68 4 3 1
254 10 1 4 0
254 68 1 1 0
255 64 5 2 1
257 11 2 3 0
257 33 3 3 0
258 1 5 1 1
259 47 5 1 1
259 7 3 4 1
260 60 5 5 1
260 66 2 4 0
263 3 3 1 0
264 17 3 1 0
264 9 3 5 0
266 6 3 4 0
267 19 5 2 0
268 35 2 1 1
269 30 2 3 0
272 28 3 1 1
272 57 3 5 0
274 5 2 3 0
275 49 1 2 1
275 35 5 5 1
276 37 2 3 1
277 53 1 1 1
278 10 2 1 1
281 54 1 4 1
282 60 2 2 0
284 37 5 5 1
287 46 4 2 1
287 8 3 2 1
289 65 3 1 1
290 45 3 5 0
290 43 5 5 0
295 62 3 1 0
296 37 2 5 0
296 63 3 2 0
297 55 2 5 1
297 35 2 2 0
297 10 4 3 0
298 50 4 3 1
299 33 3 5 1
299 1 4 4 1
300 21 5 4 1
302 5 5 3 1
304 66 5 4 1
304 28 1 2 0
305 30 4 1 1
307 34 4 5 0
307 62 4 1 1
311 62 2 3 0
312 67 4 1 0
312 58 4 1 0
313 34 3 5 1
315 7 1 1 0
317 18 4 3 0
319 51 2 3 0
323 69 1 2 0
323 2 1 4 1
324 7 3 5 0
325 55 3 2 1
325 56 3 5 1
325 23 2 1 0
326 69 5 3 1
326 49 1 2 0
328 60 3 4 0
329 55 2 1 1
331 2 3 4 1
331 62 3 5 0
332 63 4 2 1
333 60 3 5 0
334 12 3 1 0
334 30 2 5 1
335 18 5 2 0
335 59 4 4 1
337 21 5 5 0
337 49 3 1 0
339 5 5 3 1
344 57 1 5 1
345 55 5 2 0
348 22 3 2 0
349 51 3 5 1
349 41 2 3 1
352 47 4 5 0
352 5 2 3 1
353 25 4 4 1
357 66 3 3 1
357 21 3 2 0
359 44 1 5 1
360 20 4 5 1
360 37 1 2 1
361 29 4 5 1
362 39 3 3 0
362 35 5 5 0
364 22 1 1 1
365 69 3 3 1
371 36 5 4 0
372 4 1 3 1
373 40 4 4 0
374 13 2 3 0
376 22 5 1 1
376 3 2 1 1
377 8 1 4 0
379 41 3 1 0
380 28 4 1 0
380 57 4 4 1
381 27 5 4 0
382 35 4 4 1
384 43 5 3 1
385 14 3 3 1
385 3 3 5 0
385 40 4 3 1
391 46 1 4 1
394 3 4 4 1
395 57 1 5 1
396 44 1 4 0
397 51 4 3 1
397 39 1 4 1
397 68 5 1 0
398 2 2 4 1
401 47 1 4 0
401 39 4 1 1
402 15 2 2 1
403 35 5 5 1
403 53 3 2 0
405 22 2 4 0
407 60 1 4 1
407 45 2 4 0
407 29 3 2 0
408 63 5 5 0
410 7 3 4 1
410 7 2 1 1
411 24 1 5 1
411 37 2 2 0
413 12 5 4 1
415 38 2 3 1
417 38 4 4 0
419 4 2 4 1
420 63 5 5 1
424 13 2 1 1
425 33 1 4 0
427 62 5 2 1
428 49 4 1 0
434 11 2 3 0
437 31 4 4 1
437 1 4 2 0
439 1 5 2 1
440 28 1 4 1
440 27 2 5 0
441 39 5 1 0
443 3 1 4 1
445 44 1 1 0
446 16 1 4 1
448 11 5 1 0
449 22 2 1 0
452 37 3 3 0
454 44 3 3 0
454 10 3 1 0
457 13 2 3 1
457 12 4 3 1
458 53 1 4 0
461 57 3 4 1
463 40 4 5 0
464 6 5 1 0
465 4 3 1 1
466 1 1 4 1
466 24 3 3 0
466 44 5 5 0
468 15 1 5 1
470 39 2 5 0
472 43 1 2 0
472 59 3 4 1
473 49 1 3 1
473 28 3 2 0
474 3 4 4 1
474 10 2 4 1
476 2 2 3 0
476 27 2 4 0
477 50 1 5 1
478 34 4 2 0
482 17 4 2 1
484 47 4 3 1
484 46 2 3 1
484 18 2 4 0
486 54 1 4 1
489 11 2 4 0
492 29 3 2 0
496 32 1 5 0
496 12 4 1 1
498 46 5 3 0
501 10 3 5 0
502 32 2 5 1
504 38 1 1 1
504 6 3 3 0
505 34 2 1 1
506 27 2 1 1
506 53 2 4 0
506 66 1 4 1
507 46 3 4 0
511 32 3 2 1
513 33 5 2 1
514 44 2 3 0
515 32 3 3 1
515 38 1 1 1
516 27 2 4 1
516 63 5 2 1
516 23 4 1 1
517 23 1 1 1
517 45 2 2 0
518 21 3 2 0
519 42 3 1 0
520 57 5 2 0
524 65 3 4 0
526 44 1 3 0
526 33 2 3 0
527 50 1 5 1
528 63 3 4 1
528 63 4 1 0
529 61 5 3 1
532 24 5 3 0
532 5 4 5 0
533 60 2 4 0
534 23 1 1 0
534 46 1 2 0
537 19 5 2 0
538 18 5 1 1
538 7 3 2 0
538 28 2 5 0
538 39 5 4 0
539 17 4 4 0
539 50 2 1 1
539 37 2 4 1
540 54 1 2 0
541 11 1 1 0
541 33 2 5 0
541 34 5 4 1
543 56 3 5 1
543 21 3 4 0
544 52 5 2 0
544 20 5 5 0
544 68 2 3 1
545 29 1 1 1
546 27 2 4 1
546 6 3 4 0
547 22 1 2 0
547 42 2 2 0
547 39 3 5 1
548 47 3 3 1
549 8 4 3 0
549 49 3 5 1
549 46 5 5 0
551 33 3 3 0
552 26 5 5 1
554 8 2 3 0
555 9 4 2 1
557 69 5 2 0
558 26 3 1 0
558 24 2 4 1
558 31 3 4 1
558 52 5 3 1
558 26 2 1 0
559 57 3 2 0
564 49 2 2 0
566 42 3 4 1
566 41 3 2 0
567 63 1 2 1
572 61 1 2 1
574 63 2 2 1
575 20 1 3 1
575 64 3 2 1
578 43 4 1 0
579 41 5 3 1
580 35 1 1 0
582 59 1 5 0
583 14 1 3 1
583 65 3 1 1
584 60 4 3 0
585 14 3 1 1
588 59 3 4 0
589 56 3 4 0
590 21 3 5 0
590 3 5 2 0
591 67 2 5 1
592 33 2 2 0
594 54 2 1 1
595 11 3 5 1
596 63 1 1 0
596 60 2 4 0
599 53 3 2 1
599 16 5 1 0
599 47 5 1 1
601 63 1 5 1
602 53 3 5 1
602 15 5 2 0
604 45 2 1 0
607 32 4 1 1
609 50 2 3 1
610 61 5 4 0
611 19 3 1 1
612 64 2 2 1
613 15 2 2 1
614 58 3 3 0
616 48 1 2 1
617 32 5 4 0
617 2 2 5 1
619 33 3 3 1
620 34 5 3 0
620 67 1 1 1
623 20 1 5 0
625 34 4 4 0
625 56 3 3 0
625 52 2 4 1
626 28 5 5 1
628 10 1 5 0
630 69 3 2 0
631 63 5 4 1
632 25 3 2 0
635 42 4 5 0
639 64 1 1 1
644 24 1 5 0
645 49 4 4 0
645 16 3 1 0
646 15 2 2 0
647 34 5 5 1
647 66 2 4 1
648 67 2 1 1
648 17 1 2 1
649 26 4 3 1
649 59 5 4 0
650 35 1 4 1
652 66 5 4 1
654 19 5 3 1
654 40 1 1 0
657 59 2 3 0
658 26 2 2 1
660 37 1 1 0
662 30 5 5 1
662 7 1 1 0
663 35 1 3 1
665 23 1 1 0
666 8 5 2 1
666 41 1 1 1
670 67 4 3 1
670 38 2 2 1
671 62 5 4 1
672 64 4 1 1
673 20 4 4 1
673 12 5 4 0
674 28 4 4 1
678 69 3 5 0
680 47 5 5 0
683 16 2 5 1
684 46 1 4 0
684 38 5 4 0
685 18 3 4 1
686 14 4 3 1
686 65 2 3 0
690 35 1 1 0
690 22 5 2 1
690 10 1 2 1
691 46 2 1 1
691 17 3 1 1
693 23 3 2 1
697 62 1 4 1
698 56 5 4 0
699 28 5 3 1
700 28 4 1 0
700 42 2 3 1
700 12 2 1 0
701 33 4 2 1
701 69 3 5 0
704 30 4 4 0
705 21 3 1 1
706 57 4 4 1
707 14 1 1 0
709 22 5 5 1
711 49 4 3 1
711 64 2 4 1
714 46 2 1 0
715 48 3 1 0
716 62 1 1 0
719 30 4 1 1
719 11 5 5 0
721 37 2 3 1
721 47 5 5 0
724 64 4 1 0
724 21 3 2 1
725 32 2 2 1
725 48 2 5 0
725 67 1 2 1
727 42 1 1 1
728 34 5 1 0
728 1 3 5 1
728 38 5 1 1
731 24 1 1 0
732 48 1 2 0
732 39 4 5 1
735 24 1 2 0
735 40 5 1 0
736 23 1 4 1
738 1 1 4 1
739 24 2 4 1
739 24 2 2 1
740 7 1 5 1
741 26 5 1 0
742 59 5 5 1
744 66 2 1 0
744 58 4 1 1
745 44 3 1 1
748 23 1 1 1
749 59 5 3 1
753 58 2 4 0
756 9 1 3 0
759 15 4 4 1
759 9 4 1 1
761 9 4 5 0
762 6 3 1 1
764 66 4 3 1
764 18 4 4 0
766 34 5 3 0
774 48 1 1 0
774 57 5 5 0
774 69 3 4 0
775 30 3 4 0
778 19 3 4 1
778 45 1 1 0
779 27 2 4 1
779 54 1 1 1
783 6 1 1 0
785 10 1 4 0
786 16 1 1 1
788 36 2 1 0
789 32 2 4 1
790 19 3 3 0
791 29 4 2 1
791 68 1 4 1
797 64 4 4 1
799 7 4 2 1
799 24 1 4 0
800 26 1 5 1
801 15 1 2 1
802 36 1 5 1
804 26 1 2 1
805 33 1 1 0
806 2 2 4 1
806 56 5 3 1
807 56 4 5 1
808 42 3 3 1
812 5 4 1 0
812 2 5 4 1
815 44 2 5 1
815 9 3 3 1
816 50 1 2 1
817 6 1 5 1
818 34 3 2 1
819 57 2 3 0
820 18 3 1 0
820 52 4 1 1
823 39 1 5 1
826 56 3 3 1
827 35 5 1 1
828 10 1 2 0
829 49 2 1 0
830 34 5 5 1
831 52 3 3 0
832 51 1 3 0
832 68 3 4 0
833 35 5 4 0
833 16 2 5 0
839 56 3 5 0
840 11 5 1 1
840 14 5 1 0
841 64 5 1 1
841 21 1 4 0
843 37 2 3 1
847 39 2 5 0
847 16 3 3 1
848 25 5 1 0
849 7 3 5 0
850 17 5 2 1
853 53 2 5 0
854 50 5 1 0
854 37 2 3 0
854 7 3 5 1
858 31 2 1 0
858 6 5 1 1
859 69 3 4 0
859 4 4 3 1
864 32 5 1 0
868 50 4 3 1
870 34 4 1 0
870 34 5 1 1
871 51 1 4 0
871 63 4 1 0
873 7 5 5 0
874 58 5 3 1
874 44 2 3 1
875 51 5 4 1
877 58 5 2 0
878 66 3 2 1
884 33 5 2 0
884 34 5 1 0
886 24 4 3 0
887 38 5 1 1
889 60 2 4 1
889 64 3 3 0
889 7 5 3 0
890 22 4 5 0
891 46 2 4 1
899 56 2 4 0
900 15 5 5 1
900 20 3 3 0
901 13 5 2 1
904 50 4 1 0
904 7 2 1 1
905 2 5 2 1
905 67 2 2 1
907 22 4 5 0
913 50 1 3 0
915 14 5 5 0
916 27 1 2 1
916 9 1 2 0
918 61 1 5 0
919 37 5 4 0
920 7 1 3 0
921 67 4 5 1
923 44 5 5 1
923 21 4 4 0
924 54 3 2 1
925 69 1 4 1
926 69 5 4 1
926 30 1 5 0
927 24 4 5 1
927 3 5 1 0
927 54 1 4 0
927 28 3 3 0
928 22 5 5 1
930 20 4 5 0
930 6 5 3 0
931 9 4 1 0
931 5 4 3 1
933 33 1 2 1
933 26 5 5 1
935 39 4 3 1
938 37 5 4 0
938 15 4 4 0
938 22 5 1 0
939 57 2 1 1
939 63 2 4 0
940 5 4 2 1
941 40 3 2 1
941 6 5 3 0
941 25 3 3 0
944 30 1 1 1
944 12 5 1 0
944 20 5 2 0
944 6 1 5 1
945 38 4 2 1
946 26 5 1 1
946 56 1 5 1
947 60 5 3 1
947 3 4 5 0
947 54 5 4 1
947 56 4 5 1
949 64 5 3 1
950 68 2 5 0
951 37 4 3 0
952 49 2 3 1
955 68 1 5 1
955 69 4 4 1
955 2 1 2 0
956 35 5 4 1
957 52 2 3 1
959 69 4 1 1
959 49 1 1 0
959 59 4 3 0
966 46 3 5 0
967 7 2 3 1
967 31 4 3 1
967 9 5 2 0
967 22 4 4 1
968 50 5 3 1
969 31 1 5 0
970 25 5 4 0
970 11 3 5 1
970 30 5 1 1
971 64 2 2 1
973 15 5 2 1
973 61 1 2 0
975 32 5 2 0
975 28 1 3 1
978 33 4 5 1
978 10 2 1 0
979 19 5 1 1
980 11 4 5 0
981 36 5 4 1
982 67 1 2 1
982 66 5 5 0
985 65 1 2 0
986 33 5 3 0
986 44 3 2 0
987 46 2 1 1
987 69 4 1 1
990 5 2 5 1
992 9 1 1 1
993 26 2 1 0
995 26 4 1 0
998 49 3 3 1
999 59 1 2 0
54 974
1 13 5 3 0
2 3 1 2 1
2 42 2 1 1
2 42 4 2 1
3 42 2 2 0
3 20 5 1 1
5 28 4 5 1
6 52 3 3 0
6 4 1 4 0
7 10 5 4 1
7 30 1 1 1
8 53 5 3 1
10 12 3 1 0
11 9 1 4 1
12 13 3 3 0
13 40 4 5 0
14 13 1 4 1
16 8 4 4 0
18 12 1 4 0
19 18 2 4 1
21 19 3 4 1
22 15 3 4 1
22 18 2 3 0
22 3 5 4 0
24 20 4 3 0
24 46 2 5 1
26 47 4 3 0
26 14 4 2 1
27 14 4 5 0
28 4 4 1 1
28 6 1 3 0
29 15 5 4 0
29 4 1 3 1
31 11 2 3 1
31 23 3 5 1
34 40 4 5 0
34 29 4 4 1
36 30 2 5 0
37 30 5 5 1
37 44 2 3 1
37 29 3 5 0
38 43 3 3 0
38 5 4 2 1
39 6 1 2 1
40 4 1 3 1
42 47 5 3 1
44 3 4 2 0
44 1 3 1 1
44 36 3 1 1
46 33 4 1 0
47 21 4 1 1
51 5 1 4 1
51 9 2 4 1
52 41 2 3 1
52 54 3 3 0
52 15 1 5 0
52 36 3 2 1
56 23 2 1 1
56 40 5 4 1
56 50 2 4 1
57 38 3 5 1
58 31 2 5 0
59 40 1 1 1
59 27 2 4 0
61 5 1 4 1
64 18 4 1 0
65 2 1 3 1
65 53 2 2 1
67 41 3 1 0
68 37 5 2 1
69 9 4 2 1
70 52 3 4 1
70 40 5 2 0
71 9 5 2 0
72 44 4 2 1
77 11 3 4 1
79 13 5 1 0
80 27 4 2 1
80 35 4 5 1
80 47 1 3 1
80 1 2 3 1
80 32 5 5 1
81 49 3 3 1
82 8 2 5 0
82 12 5 1 1
82 52 3 1 1
85 42 4 1 0
85 23 4 4 1
88 4 5 2 1
91 54 3 4 0
93 19 4 1 0
94 31 4 2 1
96 40 2 1 0
97 9 5 4 0
97 17 1 2 0
97 43 1 4 0
100 21 4 1 1
100 39 4 2 0
100 14 4 5 0
101 20 2 4 0
102 34 2 4 1
102 2 5 4 1
102 12 3 1 1
102 2 2 4 1
102 32 2 1 0
104 21 1 1 0
104 27 4 4 1
105 6 1 1 1
106 53 2 5 0
109 48 4 1 1
110 2 5 3 0
112 9 2 1 1
113 9 1 1 0
113 54 1 1 0
114 12 5 5 0
114 17 1 3 1
116 6 2 4 1
116 41 5 4 1
117 46 3 1 1
117 33 2 2 0
118 39 2 3 1
119 39 2 1 0
120 16 5 4 0
121 53 3 5 0
121 35 4 4 1
121 11 3 2 0
122 37 3 5 0
126 48 1 4 1
128 9 4 3 1
129 29 3 4 0
130 27 5 1 0
134 27 3 1 1
134 3 3 1 0
137 14 2 1 0
138 29 2 1 1
138 40 5 4 0
140 11 5 5 1
142 42 5 5 1
143 47 1 3 1
145 40 4 5 1
146 20 4 2 1
147 43 3 3 1
151 43 2 1 1
151 2 4 2 1
152 22 1 3 0
153 37 1 3 0
153 20 5 1 0
154 16 5 2 1
155 25 3 1 1
158 4 3 1 1
159 6 5 3 0
159 19 2 2 0
161 28 4 3 0
163 2 5 3 1
163 9 5 5 0
164 31 1 2 1
166 36 2 3 0
166 42 5 4 1
166 26 5 3 0
168 33 4 2 0
168 8 2 3 1
170 14 4 5 0
171 24 1 1 1
171 32 5 1 0
174 18 5 5 0
174 19 1 2 1
175 29 1 1 1
178 29 3 5 0
179 16 4 2 0
180 15 1 5 1
180 12 4 2 1
181 20 4 5 1
183 25 2 3 0
183 38 5 1 0
187 6 4 3 0
189 52 5 3 0
191 3 2 2 1
193 39 3 5 0
194 37 2 2 1
194 17 1 2 0
194 33 4 3 1
195 48 3 4 0
196 49 4 1 1
197 11 5 3 1
198 7 3 1 0
198 50 3 3 0
198 22 1 4 1
198 23 1 5 0
199 29 3 4 0
199 6 3 4 0
200 38 5 3 0
202 26 4 2 1
205 23 3 3 0
206 49 2 1 0
207 19 4 2 0
207 33 4 4 0
210 17 2 3 0
210 11 1 4 1
212 31 1 4 0
214 23 1 1 0
216 26 4 1 1
220 45 3 3 0
221 48 5 2 1
222 42 2 5 0
222 25 3 3 1
224 29 2 2 0
224 41 4 5 0
225 3 2 5 1
225 40 4 4 1
228 24 3 5 0
228 31 1 1 1
228 51 5 4 0
229 20 5 4 0
229 2 3 3 1
229 21 4 2 0
230 23 1 1 0
230 17 1 3 1
231 51 4 5 1
232 12 1 3 1
233 3 2 2 0
235 23 1 3 0
235 37 2 5 0
236 27 2 3 0
236 5 2 2 0
237 22 2 4 1
238 12 3 2 0
238 7 4 5 0
238 41 5 1 0
239 20 5 1 0
240 49 1 2 0
240 4 3 3 1
241 32 2 2 1
241 41 1 5 0
242 3 1 2 1
242 38 2 5 0
242 12 5 1 0
242 53 4 5 0
242 44 2 3 1
243 48 3 5 1
244 23 3 5 1
245 49 4 4 0
246 34 1 1 1
246 15 1 5 1
246 52 1 3 1
247 52 5 3 1
248 21 5 5 1
249 18 2 1 1
249 46 1 2 1
249 14 3 2 1
250 49 5 2 0
252 36 3 3 0
253 31 5 2 1
253 13 3 5 0
254 41 2 3 0
254 37 3 3 1
256 38 5 4 0
261 10 5 2 0
262 17 1 4 1
262 7 4 3 1
263 51 2 1 1
263 47 3 4 0
264 25 4 2 0
265 47 3 4 0
268 13 1 2 1
269 40 3 2 0
269 16 4 3 0
271 32 1 4 0
272 51 2 5 1
273 45 2 5 1
274 17 5 4 0
274 51 3 5 0
276 4 1 5 1
277 46 3 5 0
278 8 4 2 1
278 8 1 2 0
279 29 3 2 0
281 49 4 5 0
281 23 3 1 0
282 53 5 4 0
283 40 2 2 0
285 39 3 1 0
286 2 4 1 0
287 13 2 3 0
288 41 3 3 1
288 39 2 4 0
289 7 3 1 0
289 33 3 1 0
290 27 4 1 1
290 21 3 2 0
292 51 1 2 0
293 40 4 1 1
294 13 3 5 1
294 5 1 1 1
296 25 1 5 1
296 14 1 1 1
300 20 4 1 1
301 11 3 1 1
301 7 3 5 1
305 7 3 2 1
305 50 5 2 0
306 27 2 1 0
306 19 1 2 0
307 13 2 3 1
307 17 5 3 1
308 53 2 2 0
308 39 4 4 1
309 38 5 2 0
309 37 2 1 1
310 4 1 4 1
313 21 1 3 1
313 45 4 2 1
314 37 2 4 0
317 11 1 4 0
317 45 2 2 1
318 5 1 4 1
318 46 1 3 1
319 27 4 3 1
321 27 5 1 1
322 49 5 1 0
323 23 1 3 1
324 15 2 4 1
324 41 1 1 0
325 28 3 4 1
330 12 1 2 0
330 43 2 4 1
330 23 1 2 0
332 31 3 3 1
333 6 3 5 0
336 37 4 4 1
337 1 4 2 0
337 22 5 1 1
337 13 2 5 1
338 29 2 1 0
340 7 5 1 0
341 48 2 5 0
342 44 1 4 0
342 26 2 5 1
342 19 2 4 1
343 32 1 3 0
344 32 1 4 1
344 46 5 4 0
345 42 3 4 1
345 1 2 4 1
345 11 2 4 1
345 19 4 5 0
347 11 3 3 1
347 50 3 2 1
348 20 3 5 0
349 50 3 3 0
349 29 3 4 1
351 41 1 2 1
352 53 4 3 0
353 7 1 2 0
354 32 1 1 1
354 53 2 1 1
354 2 5 3 1
354 38 2 2 1
355 8 3 1 0
355 54 2 2 0
358 48 5 3 1
359 27 4 5 0
359 27 3 1 1
362 28 1 5 0
363 46 3 5 1
363 23 5 4 0
364 48 3 1 0
364 14 1 3 0
366 52 2 3 1
367 6 4 2 0
369 4 3 3 0
369 34 4 3 1
370 40 5 2 1
375 51 3 3 1
377 50 4 3 0
377 17 2 1 0
378 17 5 5 1
378 22 2 4 1
380 46 1 4 1
382 14 5 4 0
390 53 4 3 1
390 7 3 4 1
391 2 5 3 0
392 3 3 4 1
392 10 2 1 1
392 22 1 2 0
395 28 3 4 0
395 37 4 3 1
395 3 5 3 1
396 2 3 4 0
396 33 2 3 1
397 24 3 1 0
399 26 3 3 0
399 18 4 4 1
400 12 2 3 0
400 48 3 5 0
403 32 5 3 0
403 52 4 2 1
404 14 4 3 1
404 33 4 4 0
407 52 5 1 1
408 42 4 5 0
409 4 4 4 1
409 24 2 1 1
410 5 5 1 0
412 7 4 4 0
412 7 4 4 1
412 7 2 3 1
412 10 5 1 1
413 46 3 4 0
417 4 5 1 1
418 30 3 2 0
419 28 4 5 0
419 6 5 1 1
420 30 5 2 1
420 5 1 3 0
420 54 4 2 1
421 37 5 1 0
422 37 1 2 1
423 39 1 3 0
424 35 1 3 1
424 48 1 2 0
424 5 4 5 1
426 17 2 2 1
428 10 1 2 0
428 4 3 3 1
429 39 5 1 1
432 8 4 5 0
432 8 5 5 0
433 38 1 3 0
435 1 3 1 0
435 50 5 2 1
436 5 5 1 0
436 51 1 3 0
437 39 3 5 1
438 41 1 4 1
438 8 4 4 1
439 6 1 5 1
439 27 5 2 1
439 49 5 5 1
440 18 2 3 1
441 52 1 3 1
441 8 5 2 0
441 52 4 2 1
441 40 2 2 1
444 34 1 5 0
444 9 5 4 0
444 47 3 5 0
445 29 1 4 0
447 53 4 2 1
447 29 1 5 0
448 13 2 4 0
448 53 5 3 1
450 20 5 1 0
451 5 2 4 0
451 25 3 4 0
452 7 1 3 0
452 16 5 5 0
453 32 1 4 1
454 40 2 3 0
454 1 4 5 1
455 46 2 3 1
455 31 5 2 1
456 37 1 4 0
457 9 5 2 0
457 16 3 5 0
457 34 5 2 0
458 8 2 5 1
459 25 2 2 0
459 10 3 5 0
461 4 2 4 1
461 42 5 4 0
461 50 3 2 0
462 19 1 4 0
462 44 2 3 0
462 12 4 4 0
465 23 5 5 1
465 4 3 4 0
466 32 3 3 0
467 50 4 1 1
468 36 1 3 1
468 50 2 2 1
469 13 5 1 1
472 21 2 2 1
473 34 4 1 1
473 53 1 3 0
476 54 1 1 1
478 17 2 4 0
478 5 3 4 0
478 9 2 1 1
479 42 5 1 0
479 29 2 2 0
480 27 3 5 1
481 47 4 5 1
481 33 5 3 1
482 29 2 3 0
482 54 2 5 1
484 50 1 4 1
484 54 5 1 1
488 51 5 4 0
490 37 5 4 0
492 44 5 5 1
492 37 4 3 0
494 18 3 3 1
496 10 4 2 0
496 24 3 2 1
496 29 5 1 0
496 51 4 5 0
498 46 2 3 0
501 18 2 1 0
501 49 1 1 0
502 28 3 2 0
503 51 5 2 0
503 53 3 4 0
505 54 1 4 0
505 5 5 5 0
505 21 5 4 1
507 13 4 1 1
509 53 1 5 1
509 5 2 2 0
510 4 2 3 0
510 20 1 5 1
510 41 4 4 0
512 26 4 5 1
512 26 2 3 1
512 41 3 4 1
513 26 4 2 0
513 46 5 5 0
515 22 3 4 0
515 6 1 3 0
521 29 3 5 0
522 46 4 1 0
524 37 4 1 0
524 5 3 1 1
525 29 5 4 0
525 20 1 1 1
525 28 4 1 0
526 24 1 3 1
526 22 5 5 1
528 45 3 1 1
528 14 1 3 0
528 45 3 3 0
530 17 3 2 1
531 40 2 4 0
531 33 5 1 1
531 5 1 2 0
534 12 3 1 1
535 14 5 3 1
538 37 2 3 0
539 40 3 1 1
541 47 5 3 1
542 16 5 3 1
543 5 5 5 0
545 7 4 2 0
546 49 3 5 1
547 8 2 3 0
549 2 2 5 1
550 30 2 4 0
552 13 4 2 0
552 32 3 1 0
554 24 3 2 1
556 12 5 3 0
556 16 5 4 0
558 31 3 3 0
558 47 4 4 1
558 34 2 3 0
559 45 4 1 0
561 14 3 5 0
561 46 2 1 0
562 47 4 4 0
563 32 4 3 1
564 13 3 5 0
564 10 4 5 0
569 34 2 3 1
570 34 5 3 1
570 39 1 2 1
571 13 4 3 1
571 12 1 4 0
572 4 3 2 0
572 21 1 3 1
577 5 2 5 1
577 42 3 5 0
579 40 1 5 0
581 31 1 5 1
582 10 2 2 1
583 30 4 1 0
583 26 5 2 0
584 34 5 2 1
584 51 3 4 0
585 6 2 2 1
585 52 1 3 0
585 45 2 2 1
589 11 1 2 0
590 37 4 1 0
591 54 4 4 1
592 52 1 1 0
593 39 5 2 0
593 53 3 5 1
593 17 1 5 1
594 18 1 1 0
596 37 2 1 0
596 37 5 1 0
597 5 5 3 0
599 46 2 5 1
600 49 1 2 1
601 45 3 4 1
602 50 3 1 1
603 17 2 5 1
603 13 2 3 1
603 4 1 5 0
603 23 4 2 1
603 4 2 2 0
605 36 3 5 0
606 28 1 4 1
608 47 3 5 1
610 26 5 5 0
611 15 4 5 0
611 18 4 5 1
612 7 5 4 1
613 50 5 4 0
613 30 5 5 0
614 41 2 5 1
614 46 3 2 0
618 39 2 2 1
618 7 4 5 1
620 27 5 1 1
621 2 3 1 0
622 5 1 2 1
623 6 3 3 1
624 45 5 4 1
624 52 3 4 0
624 26 2 1 1
625 2 1 3 1
627 27 1 4 0
629 38 2 4 1
629 10 3 4 0
631 17 3 3 0
634 37 5 3 0
635 47 1 2 0
636 20 5 3 0
637 43 3 3 1
641 4 3 3 1
644 4 4 4 1
645 35 3 2 0
645 5 2 3 1
646 20 2 3 0
652 54 3 2 0
652 45 5 1 0
654 36 4 5 1
654 54 3 4 0
655 6 3 4 0
655 41 3 1 0
657 24 3 5 0
658 51 2 1 1
658 11 3 1 1
658 16 1 3 0
658 32 1 2 1
659 24 5 2 1
660 36 3 2 1
661 53 5 1 1
663 36 4 4 0
665 17 2 1 0
666 43 1 2 1
667 36 4 5 0
670 8 5 5 1
670 13 4 1 1
671 32 1 2 0
672 23 1 5 0
673 26 1 1 1
674 51 5 2 0
674 36 4 4 0
674 44 3 4 1
674 13 3 2 0
674 14 2 3 1
676 15 5 5 0
677 32 3 4 1
677 28 2 3 1
678 1 3 5 0
679 1 3 5 0
679 25 1 1 0
680 34 1 3 1
681 18 2 2 0
683 46 3 5 1
686 35 5 2 0
686 27 1 4 1
687 38 3 3 1
687 25 3 3 0
688 52 2 5 1
690 1 1 5 1
690 40 1 3 0
691 44 3 2 0
691 33 2 5 1
691 30 3 5 1
691 52 3 5 1
693 33 5 4 1
694 8 1 5 0
694 10 3 1 1
698 29 5 4 0
698 22 2 5 0
699 7 4 3 0
699 46 4 5 0
700 20 5 2 1
700 29 1 5 1
701 44 1 1 0
701 6 1 4 1
702 20 5 5 0
702 1 3 5 1
702 20 3 3 1
703 4 1 2 1
703 54 3 4 1
704 31 2 4 1
705 29 4 5 0
709 19 3 3 1
709 49 5 4 1
710 12 1 1 1
711 30 4 2 0
714 37 5 4 0
715 29 5 1 1
716 27 3 2 0
717 27 3 2 1
717 27 4 1 1
717 34 1 4 1
719 12 5 4 0
719 9 2 5 0
719 39 5 2 0
719 40 2 2 1
722 42 4 2 0
722 23 1 1 0
723 2 2 1 1
724 27 1 2 1
725 13 1 5 0
727 23 2 4 1
729 33 5 3 0
731 42 3 2 1
731 29 3 5 0
731 31 5 3 1
731 45 1 4 1
731 21 3 4 1
732 6 3 2 1
733 39 1 5 1
733 54 4 3 0
735 20 5 2 0
736 8 2 5 1
736 29 1 5 1
737 33 5 2 1
738 39 1 2 0
739 36 2 1 0
742 12 3 3 1
746 41 2 1 0
746 6 4 5 1
748 32 5 5 0
748 15 1 2 0
748 30 2 3 0
749 5 1 1 1
749 31 5 1 0
750 28 2 4 0
753 31 2 2 1
753 46 5 4 1
758 21 2 3 1
758 6 5 2 1
759 30 3 3 1
760 9 5 1 1
761 37 5 1 0
761 12 2 1 1
761 28 3 5 0
762 49 2 5 0
762 28 3 2 1
762 2 5 5 0
764 34 5 2 0
765 4 4 1 0
768 18 5 3 0
769 6 3 1 1
769 47 5 2 0
770 32 4 4 0
770 11 4 3 1
771 26 1 4 0
772 25 5 1 1
773 5 1 4 0
774 21 4 4 0
775 27 3 4 0
777 26 5 1 0
777 53 1 1 0
780 18 1 5 0
781 44 2 4 1
782 41 3 1 0
783 14 1 5 0
786 22 4 4 0
786 17 1 3 0
787 45 1 5 0
787 37 1 2 0
788 24 3 5 0
789 1 4 1 1
790 19 1 5 0
791 9 1 3 0
793 3 4 2 0
793 53 2 3 1
793 21 5 4 0
796 17 2 3 0
797 3 5 3 1
797 39 4 1 0
798 24 4 1 0
798 45 5 4 0
798 29 2 3 1
798 46 5 5 1
801 33 5 1 1
801 20 5 3 1
803 23 2 3 0
804 40 2 1 1
808 3 5 1 1
813 6 5 4 1
814 22 4 1 0
815 52 5 3 0
815 31 5 2 0
817 3 2 3 0
817 54 2 2 0
819 7 4 3 1
821 6 4 3 1
822 31 5 2 0
823 12 3 3 1
823 21 2 5 1
824 10 3 3 1
825 3 5 5 0
826 7 3 5 1
829 38 4 5 1
829 53 4 3 1
829 13 4 5 1
830 36 4 4 0
832 42 2 2 0
835 9 4 3 0
836 25 4 1 0
836 7 1 2 0
837 34 1 1 0
838 27 4 2 1
839 3 4 2 1
840 32 2 3 0
840 6 3 3 0
844 9 3 4 0
844 29 4 1 0
846 37 3 5 1
846 15 5 3 0
849 30 3 4 0
849 38 3 5 0
850 21 5 2 0
851 34 3 5 1
852 24 4 5 0
852 22 1 3 0
852 12 3 2 0
853 49 5 5 0
853 1 2 4 0
853 24 3 4 0
853 17 5 3 0
855 26 5 5 0
855 43 2 5 1
859 13 5 3 0
860 21 5 1 1
860 16 4 1 0
864 34 2 4 1
864 24 5 2 1
867 51 2 2 1
868 6 5 1 1
868 51 2 4 1
868 49 5 2 1
874 43 5 3 1
875 48 1 1 0
875 4 3 1 1
875 2 4 5 1
876 40 2 3 1
878 18 3 4 0
879 41 2 3 1
882 31 2 3 0
882 16 5 2 1
883 30 2 3 1
883 37 3 5 1
883 22 2 2 0
884 50 3 2 1
884 38 4 3 0
885 1 4 5 1
885 1 4 3 1
885 8 2 2 0
886 8 3 5 1
887 28 1 1 0
892 32 1 1 0
893 42 2 5 1
893 35 2 5 1
894 18 2 5 1
895 37 1 4 0
897 28 1 1 0
898 42 2 1 1
898 33 5 2 0
899 40 3 5 1
901 54 4 2 0
901 18 3 4 1
903 2 3 2 1
905 47 1 3 1
906 22 5 1 1
906 8 2 4 0
908 12 4 3 1
912 2 2 2 0
912 6 3 3 1
913 20 1 3 0
913 19 3 4 1
915 27 2 2 1
919 49 2 1 0
920 36 2 1 0
925 37 1 1 1
925 14 1 5 0
928 41 1 3 1
928 1 3 3 1
928 36 1 5 0
928 31 2 5 1
929 50 5 3 1
931 19 1 1 0
933 23 4 3 1
934 4 5 4 0
934 12 2 5 1
934 37 3 3 0
935 42 3 5 1
935 1 2 2 1
935 50 2 5 1
936 9 4 1 0
936 24 5 1 0
937 21 2 3 0
938 40 2 2 1
938 36 2 2 0
939 38 2 3 0
940 7 4 2 0
940 11 2 2 0
943 20 5 2 1
944 4 3 5 0
944 15 2 4 0
948 1 3 3 1
950 10 1 5 1
950 24 4 4 1
950 3 2 1 0
951 49 1 5 0
951 33 2 4 0
952 21 3 2 1
954 27 3 1 1
954 44 4 5 1
955 29 1 1 0
957 35 2 2 1
959 40 3 5 0
962 27 5 5 1
962 42 2 4 0
963 48 1 5 0
963 41 3 4 0
964 45 1 1 0
965 8 4 2 1
971 53 3 4 1
972 30 2 2 0
973 13 1 5 1
974 41 1 3 0
976 19 2 1 0
977 50 2 3 1
980 25 1 4 1
981 43 5 2 1
982 17 3 2 1
982 46 5 4 1
983 28 5 4 0
984 30 2 4 1
985 30 1 1 0
985 36 2 2 1
985 15 2 2 1
990 31 4 4 1
991 33 1 2 0
991 42 4 3 1
992 51 1 4 1
994 31 4 4 1
995 23 3 1 1
995 23 5 5 1
996 2 3 2 1
997 26 2 3 1
999 48 4 2 0
1000 38 5 4 1
1000 22 4 5 0
98 743
3 30 1 5 1
7 14 3 3 0
9 15 4 3 0
11 64 3 5 1
13 60 5 5 1
15 4 3 5 0
17 90 3 3 0
17 17 3 3 1
17 10 1 1 1
17 54 2 5 0
18 41 3 1 1
19 3 1 2 0
19 7 3 2 1
20 65 3 3 0
23 36 4 5 0
24 72 3 5 1
25 89 2 4 0
27 91 5 1 0
28 74 4 4 0
30 36 3 4 1
31 1 2 3 0
32 37 1 3 1
33 25 2 2 1
34 29 4 4 0
34 2 2 5 0
35 30 1 4 1
35 72 5 2 0
35 1 3 5 1
37 7 1 4 1
37 97 2 5 1
39 94 3 5 1
39 57 3 4 1
40 23 2 3 0
42 23 2 1 1
42 30 5 4 0
43 69 5 2 1
44 39 5 2 1
44 19 4 1 0
45 86 1 2 1
47 85 5 1 1
47 98 1 3 1
47 69 5 2 1
52 94 2 3 0
53 86 5 3 0
54 4 4 1 1
55 1 1 4 1
56 88 2 4 1
57 4 1 4 0
57 84 3 4 0
57 24 4 1 1
58 98 4 2 0
58 55 4 4 1
59 7 2 1 1
63 94 2 2 1
66 46 1 3 1
67 8 2 1 0
67 66 1 4 1
68 30 5 1 1
68 17 5 1 1
69 78 2 4 0
69 91 4 2 0
71 27 4 4 0
74 68 3 5 1
75 91 4 2 0
77 8 2 2 0
78 37 1 1 0
79 86 2 2 1
79 40 2 2 0
80 25 3 4 0
81 94 4 3 1
88 32 5 5 0
89 25 4 4 0
92 11 3 4 1
97 85 3 1 1
98 86 3 4 1
98 17 2 4 1
98 66 2 2 0
100 56 3 4 1
101 39 2 2 1
107 41 1 1 0
109 43 4 2 0
113 23 3 2 0
114 71 5 4 1
115 8 1 2 1
115 63 2 2 0
115 50 4 2 1
116 1 1 3 0
117 84 1 1 1
117 79 3 3 0
121 30 1 4 1
121 25 1 1 0
121 89 2 5 1
121 15 4 3 1
123 48 2 4 1
124 5 4 1 0
124 89 2 4 0
126 36 1 4 1
131 40 1 3 1
132 81 2 4 1
133 33 2 2 1
134 59 3 2 1
135 2 3 1 1
137 38 1 4 1
138 5 3 1 0
139 76 1 4 0
140 10 2 4 1
143 94 2 4 0
143 51 4 2 0
145 49 3 3 0
147 80 4 1 1
147 17 1 5 1
147 9 1 2 1
148 83 3 3 0
148 78 4 5 1
149 81 1 1 1
151 54 4 2 1
152 75 5 4 0
153 58 1 3 0
154 12 5 2 1
154 27 2 2 0
155 18 4 3 0
156 33 4 2 1
156 5 5 1 0
158 52 1 2 0
159 65 1 2 1
163 96 1 2 0
163 95 4 5 0
163 39 2 3 1
164 70 1 1 0
166 15 4 5 1
166 47 4 2 0
167 11 2 2 0
168 35 5 4 1
168 92 2 5 0
170 74 1 4 0
170 21 5 1 0
173 94 1 1 1
175 12 3 3 1
177 98 4 5 1
178 82 1 5 0
179 77 3 2 0
180 82 5 1 1
180 88 3 4 0
182 51 3 5 0
183 75 4 3 0
183 8 3 4 1
184 94 1 1 1
184 90 1 5 1
185 20 1 5 0
185 60 2 3 0
187 66 1 2 1
189 52 4 4 0
190 93 3 2 0
190 46 3 5 1
191 94 3 4 1
192 58 1 1 0
193 42 1 3 1
193 1 5 2 1
196 47 2 1 1
200 38 2 4 0
201 19 2 2 0
202 3 4 3 0
205 91 3 3 1
205 64 5 1 1
205 90 2 5 1
206 63 4 5 1
209 46 2 4 0
210 9 3 3 1
211 48 1 3 0
211 27 1 3 0
213 56 4 3 1
219 50 1 2 0
220 61 3 3 1
221 37 4 2 1
223 3 3 5 0
223 68 4 1 0
224 45 4 4 0
224 14 4 1 1
226 53 1 2 1
227 48 4 5 1
228 26 4 3 1
231 9 4 5 0
232 29 1 3 0
232 34 4 5 1
235 83 4 2 1
236 26 3 2 0
237 88 3 4 1
239 93 4 2 1
239 76 1 3 0
239 47 2 2 0
241 21 5 4 1
241 90 5 3 0
242 21 2 1 1
244 8 1 2 0
244 26 5 3 0
244 56 1 2 1
245 8 5 3 1
247 1 1 1 0
249 48 1 2 1
249 23 2 3 0
250 45 5 2 1
250 67 1 5 1
252 62 5 5 1
254 98 4 2 1
256 42 1 2 0
256 6 3 5 1
257 23 5 2 1
257 75 1 2 1
257 14 5 4 1
258 13 5 1 0
259 9 2 5 1
259 15 4 2 1
263 40 1 1 1
264 46 1 3 0
264 29 1 1 1
264 40 3 1 0
264 32 1 4 1
265 7 2 2 0
269 40 1 1 1
271 13 5 5 1
274 12 1 4 1
274 64 2 5 1
275 44 4 4 1
276 43 1 5 1
276 10 3 4 0
277 23 4 3 1
279 32 2 3 1
280 77 1 5 0
281 6 2 3 1
282 33 4 3 1
283 33 3 3 0
286 86 2 4 0
287 93 4 5 0
287 67 3 3 1
289 21 3 2 1
290 91 2 5 1
290 6 2 3 0
291 36 1 1 1
291 66 5 5 1
292 7 4 4 0
293 16 3 2 1
295 40 4 3 1
295 46 5 3 0
297 47 4 3 0
298 52 5 4 0
298 14 3 1 0
300 69 1 2 0
301 54 1 2 0
305 96 2 2 1
306 60 4 5 1
307 91 1 1 1
310 42 4 4 0
313 10 1 3 1
313 21 5 3 0
314 21 1 5 1
314 5 3 5 1
316 45 3 2 0
317 90 5 1 1
317 46 3 1 1
319 6 1 2 0
320 84 4 1 0
320 40 5 3 1
322 25 2 3 1
322 34 2 1 0
323 30 3 5 0
323 75 2 1 1
323 83 2 1 1
325 29 1 5 0
326 53 3 5 0
326 50 5 3 1
328 59 5 4 0
330 73 5 3 0
331 37 2 3 0
333 22 3 2 1
334 10 3 2 1
336 75 5 5 0
336 28 1 3 0
337 10 5 3 0
339 60 2 1 1
340 32 2 2 0
341 52 2 1 1
342 94 1 2 1
342 73 5 4 1
346 54 5 4 1
346 71 4 1 0
348 84 3 1 0
352 79 3 3 0
355 34 1 4 0
355 16 2 5 0
355 85 5 3 1
360 87 2 1 1
364 73 1 4 1
364 57 1 3 0
365 3 3 2 1
366 18 5 3 1
367 15 5 2 1
369 11 4 1 0
369 75 4 3 0
369 57 1 2 1
372 31 2 3 1
372 78 2 4 0
377 39 3 5 1
381 86 4 5 1
383 87 4 5 0
386 93 1 5 0
386 98 1 1 1
387 9 4 4 0
388 23 5 2 0
388 13 5 4 1
390 89 1 2 0
391 49 2 1 1
394 83 1 3 1
394 66 2 1 1
395 62 4 3 0
396 68 2 5 0
396 44 4 1 0
401 42 1 4 0
402 78 2 2 0
402 9 2 5 0
403 50 3 3 1
406 39 3 5 0
406 4 2 1 0
406 8 1 1 1
409 24 3 4 1
409 46 5 1 0
410 10 5 3 0
411 57 5 3 0
411 88 2 3 0
412 71 1 1 0
417 70 2 2 0
419 3 3 1 0
419 75 2 3 1
419 66 3 5 1
420 85 3 3 0
421 46 2 5 0
423 63 3 1 1
424 30 3 3 0
425 29 2 5 1
426 74 1 3 1
427 11 4 4 0
429 94 3 3 1
429 54 3 3 0
429 54 5 5 1
429 39 3 1 0
430 76 3 5 0
431 35 5 1 0
433 85 2 3 1
434 21 1 2 1
434 18 2 3 1
435 38 1 2 1
437 91 2 2 0
437 54 1 1 0
438 85 4 5 1
440 58 2 1 1
440 85 1 3 1
441 98 2 4 0
442 62 1 2 1
443 92 5 4 1
444 95 1 3 0
446 49 2 2 0
447 87 1 1 1
455 6 4 3 1
457 97 2 4 1
459 4 2 5 0
460 90 3 2 1
461 87 1 2 0
462 46 2 2 1
462 40 2 5 1
463 43 3 5 1
464 80 3 1 0
468 91 1 3 1
470 38 3 5 1
471 32 2 2 0
471 20 2 3 1
472 6 3 5 0
472 83 3 5 0
475 27 5 1 1
477 14 4 1 1
482 66 1 3 1
483 33 2 3 0
485 80 5 3 0
485 1 2 1 1
486 9 3 5 1
487 74 1 2 0
490 35 5 1 1
492 20 1 4 1
492 94 5 2 1
495 70 4 1 1
495 91 4 3 1
495 83 5 1 0
497 82 3 2 1
497 48 5 4 0
497 90 1 5 1
499 62 4 1 1
501 19 3 5 1
503 1 4 2 1
505 10 3 3 0
507 94 5 2 1
510 30 5 3 1
510 55 4 3 1
511 2 4 4 0
512 94 4 4 0
513 85 4 5 1
513 17 4 2 1
518 80 1 3 1
519 65 3 5 0
522 51 4 5 0
525 6 3 1 1
525 91 1 3 1
531 10 5 1 1
532 74 5 4 0
533 27 5 3 0
533 33 1 2 1
536 62 2 2 0
537 71 4 3 1
538 66 5 3 0
539 7 1 1 1
539 27 1 3 0
540 63 5 3 1
543 86 1 1 0
543 62 4 3 0
546 38 4 4 0
546 93 4 5 1
547 94 1 1 0
548 36 5 3 1
548 53 4 4 1
549 30 3 1 1
550 68 2 4 1
557 70 2 5 1
559 36 2 5 1
564 73 2 4 0
564 72 2 1 0
565 96 4 5 1
567 48 4 2 0
567 12 4 1 0
570 54 2 4 1
571 84 5 4 1
571 29 3 1 0
572 7 4 1 1
574 46 4 1 0
575 14 2 4 0
576 79 3 3 1
577 13 4 2 1
577 97 1 4 1
577 18 4 1 1
580 13 5 2 1
581 40 2 4 0
581 1 3 3 1
582 91 1 1 1
584 55 1 1 0
584 94 5 1 0
585 53 2 2 1
585 89 3 4 0
585 14 5 4 1
587 28 2 3 1
590 57 5 5 0
591 63 5 5 0
591 10 3 5 0
592 12 3 1 1
593 23 2 2 0
595 67 2 3 1
596 38 5 5 1
597 54 2 3 1
598 24 5 3 1
600 67 5 2 1
602 89 3 2 0
602 31 1 2 0
603 70 4 3 0
604 47 4 5 1
604 59 5 1 0
604 27 3 1 0
606 26 2 1 1
611 76 2 5 0
612 73 3 1 0
613 22 3 3 1
616 4 5 1 0
617 28 2 1 1
617 14 3 4 0
617 25 2 3 0
618 70 5 2 0
620 87 5 5 1
620 68 5 1 0
620 95 2 4 0
622 93 2 5 0
625 13 2 4 1
626 53 3 2 1
628 42 4 1 0
629 65 2 2 0
629 6 3 5 0
629 2 1 1 0
630 86 4 1 1
634 25 1 3 1
634 70 3 2 0
634 43 4 1 0
635 60 3 5 0
635 4 4 3 1
638 73 5 2 0
639 55 3 5 0
640 23 4 3 0
642 23 5 2 1
643 71 5 3 0
644 13 4 4 0
644 48 1 3 1
648 35 3 2 0
648 16 1 4 0
649 11 3 5 0
651 43 2 4 0
653 43 1 4 1
655 77 2 2 0
657 42 5 2 0
657 40 5 2 1
657 27 1 4 1
657 2 2 2 0
667 19 3 2 1
669 78 4 5 1
669 47 5 5 0
672 81 1 2 1
673 84 5 2 1
675 95 1 5 0
677 28 2 4 1
677 67 3 1 0
679 85 5 4 0
679 54 1 2 1
680 78 3 5 1
681 83 2 3 1
681 82 5 4 0
681 54 1 5 0
683 64 3 2 0
683 86 1 1 1
689 10 2 5 0
695 59 2 1 1
695 76 5 5 1
695 59 4 5 1
696 44 1 5 0
697 41 5 5 1
697 31 5 3 1
699 79 1 4 0
699 48 4 1 1
700 19 1 1 0
701 65 2 3 1
702 29 3 4 1
703 57 4 3 0
705 16 2 2 0
706 53 4 4 0
709 4 5 3 0
710 76 4 4 0
711 93 3 2 0
713 97 5 1 1
713 20 3 5 1
717 55 3 5 0
724 80 1 4 1
725 49 5 3 1
728 35 4 4 0
728 51 5 5 1
729 73 1 1 1
730 52 2 3 1
730 38 5 4 1
731 91 1 2 0
731 21 3 4 1
735 94 5 5 0
736 78 4 4 1
736 87 2 4 0
741 30 1 3 0
748 60 4 1 0
750 86 1 4 1
752 72 1 2 0
753 22 1 3 0
755 39 4 2 0
761 82 3 4 0
763 64 3 2 0
766 43 2 5 1
768 56 2 5 1
769 65 2 5 1
770 55 3 3 0
772 73 2 1 0
772 87 2 2 1
773 41 2 5 0
775 14 4 2 1
779 23 1 2 0
780 18 1 3 1
780 38 5 3 0
781 62 1 3 1
783 69 5 3 0
785 9 3 4 1
785 5 5 3 1
785 12 5 2 0
786 13 4 5 0
787 40 4 1 1
789 12 1 5 0
792 32 1 3 1
792 39 2 2 1
793 18 1 2 1
795 69 3 2 1
796 37 4 4 1
797 11 4 3 0
797 49 4 1 1
799 49 2 3 0
801 62 4 2 0
801 36 1 2 0
802 39 5 3 1
806 76 3 1 1
807 44 5 4 0
808 63 5 5 0
809 44 4 1 0
814 18 2 4 1
814 16 3 4 0
816 76 2 5 1
816 31 3 3 1
817 88 3 2 0
818 90 4 5 0
821 31 1 3 0
822 16 5 3 1
824 29 3 4 1
827 74 1 5 0
827 76 4 5 1
828 79 2 2 0
828 10 1 2 0
829 27 5 4 0
831 20 5 5 1
832 88 4 4 1
833 39 5 2 1
834 77 2 5 1
835 81 2 2 0
836 89 1 3 1
838 29 5 5 0
838 61 4 3 1
839 4 3 4 1
839 17 3 3 0
841 90 4 4 1
843 21 2 3 1
845 82 4 2 0
848 4 2 5 0
849 12 5 5 0
850 77 4 1 0
850 49 2 1 1
850 24 3 3 0
851 56 3 5 1
856 49 3 1 1
856 73 2 2 1
857 79 2 1 1
861 62 5 4 1
861 82 2 2 0
863 80 4 4 1
864 22 5 3 1
864 47 3 3 1
864 1 1 3 0
867 65 2 4 0
867 18 2 1 0
872 18 5 2 1
873 8 2 2 1
875 46 2 3 0
878 51 3 2 0
879 69 3 3 0
879 67 2 4 0
880 86 2 1 1
882 88 5 4 0
883 45 3 3 0
885 63 4 3 0
889 25 5 5 1
889 22 4 1 1
890 82 2 5 0
892 21 2 3 1
894 58 5 2 1
896 61 1 5 1
896 57 3 3 1
896 27 1 3 1
896 52 5 5 0
899 53 1 2 1
901 71 1 5 0
903 1 2 1 1
903 42 4 4 0
903 77 1 4 1
904 24 4 3 1
904 75 4 5 0
904 37 1 5 1
904 7 1 5 0
905 8 5 3 0
906 94 4 4 0
907 6 3 5 0
911 34 3 3 1
913 53 2 4 1
918 98 3 3 1
921 98 3 3 1
924 47 2 1 1
930 62 1 2 1
933 59 3 4 1
934 67 4 1 0
936 84 1 3 1
937 15 1 5 0
938 94 2 1 0
939 13 1 4 0
939 31 3 4 1
941 71 2 3 0
944 18 5 5 1
945 70 5 1 1
949 54 4 1 0
949 1 5 5 0
951 91 3 2 1
951 47 2 2 1
953 86 1 5 0
954 27 1 1 0
954 49 3 2 0
954 2 3 4 1
955 91 1 4 0
957 10 2 5 0
958 34 3 3 0
960 14 3 3 1
961 9 5 4 0
961 94 3 3 0
962 78 4 2 1
962 95 5 4 0
963 17 4 3 1
964 24 1 3 0
964 69 2 2 0
965 74 5 3 1
966 91 4 5 0
967 75 4 3 0
968 25 5 1 0
970 72 3 2 1
972 59 4 4 0
973 21 1 4 0
973 96 3 5 0
976 24 2 1 1
977 46 1 3 1
979 31 4 1 1
979 23 3 3 0
980 94 5 5 1
980 51 4 4 0
981 55 2 2 1
981 61 2 4 0
982 55 2 4 1
985 66 5 3 0
985 57 1 2 0
986 20 1 1 0
988 18 1 3 1
990 95 4 4 1
990 32 2 5 0
990 10 3 5 0
991 11 3 3 1
991 18 2 5 1
993 84 2 1 0
996 56 1 5 0
998 14 5 3 1
54 808
3 23 3 5 1
8 46 4 3 1
9 28 5 2 0
10 20 2 4 1
12 47 3 5 0
12 2 1 1 0
13 21 5 2 1
17 22 5 5 1
17 20 1 1 0
17 4 3 1 1
18 25 4 4 0
19 25 1 4 0
20 23 2 5 0
21 22 1 5 1
22 45 3 4 0
22 17 2 3 1
22 2 1 1 1
22 37 5 1 0
24 26 2 3 1
25 36 1 4 0
29 7 4 1 1
31 54 2 4 0
32 18 5 3 0
32 5 2 5 0
34 17 5 4 0
34 27 5 2 1
37 19 1 3 1
38 42 1 3 1
38 5 4 1 0
38 11 1 1 0
39 45 2 1 0
40 3 4 1 0
41 50 3 4 0
42 29 2 5 1
44 6 4 3 0
44 44 5 4 0
46 35 2 2 1
46 30 3 5 1
47 2 1 5 0
47 27 2 2 0
47 5 1 3 0
48 15 5 5 1
51 48 2 2 1
51 8 4 1 1
52 6 2 5 0
52 28 2 1 0
54 5 4 2 0
54 22 5 1 0
55 46 3 5 0
56 17 5 1 0
57 52 5 5 0
58 33 1 3 1
58 4 4 4 1
60 1 3 2 1
60 54 5 3 0
61 32 2 2 1
63 16 3 1 1
64 24 4 1 0
69 31 1 5 0
69 54 5 2 1
71 1 2 3 0
72 54 3 2 0
76 15 4 5 1
77 40 4 2 0
79 45 2 3 0
79 39 1 5 0
80 11 3 3 1
83 46 1 2 0
85 31 5 2 1
87 38 3 3 0
88 50 5 4 0
90 37 1 3 1
90 17 4 2 1
91 32 3 4 0
92 23 3 3 1
92 37 4 1 0
93 22 1 1 1
94 20 3 4 0
95 36 2 2 0
96 8 1 2 1
96 46 5 5 0
98 7 5 5 1
99 30 1 4 1
101 38 5 5 1
101 30 1 1 0
105 21 2 3 1
106 10 2 5 0
107 53 4 5 1
108 2 4 4 1
109 27 1 5 1
112 30 5 3 1
113 46 3 3 1
113 53 4 3 1
114 48 1 5 0
115 9 3 1 0
115 44 3 4 0
115 51 2 1 0
115 31 5 3 0
117 14 4 5 1
118 31 3 4 0
118 33 1 4 0
120 43 2 5 0
121 13 2 2 0
122 14 1 2 0
123 43 1 1 1
123 53 5 3 0
124 49 4 3 0
125 43 1 3 0
125 31 2 2 0
126 47 1 3 0
127 46 2 2 0
128 36 2 2 1
130 27 1 1 1
131 8 3 1 0
132 35 1 5 0
132 1 5 5 0
134 9 4 3 0
134 33 4 2 1
134 30 4 5 1
134 53 5 3 1
135 45 3 3 0
136 14 1 2 0
136 42 2 2 1
139 25 4 5 0
139 45 2 4 0
140 49 4 1 1
140 23 2 3 1
141 15 4 3 0
141 16 5 4 0
142 39 3 1 0
143 48 2 5 1
143 39 2 5 0
145 18 1 3 1
146 1 1 4 1
148 4 1 1 1
151 52 4 1 1
152 19 4 3 0
155 27 4 2 0
155 22 1 5 1
158 23 2 1 1
160 27 4 2 1
161 13 2 2 0
162 52 5 4 1
167 32 5 4 0
168 3 4 3 1
168 23 3 5 0
170 40 4 3 0
170 35 2 2 0
170 43 2 3 1
170 46 5 2 0
172 21 1 1 0
173 44 1 4 0
173 32 3 5 0
176 53 5 5 0
176 52 5 1 0
177 49 2 2 0
179 30 1 5 1
180 35 5 1 0
183 43 2 5 0
183 48 5 2 0
186 16 3 5 1
188 30 2 1 1
189 40 3 3 0
191 42 5 3 1
191 51 2 5 1
192 41 2 4 1
193 45 3 3 1
193 32 4 2 0
193 46 5 1 0
194 17 2 4 1
197 38 5 3 0
197 37 4 4 1
199 7 4 5 1
204 3 1 3 1
204 14 3 4 0
206 7 1 1 0
207 44 3 4 1
208 52 5 4 0
210 7 4 3 0
211 31 1 4 0
214 50 1 3 0
215 10 1 5 0
215 13 2 2 0
217 38 2 1 1
218 47 2 3 0
219 34 3 4 0
219 38 3 2 0
220 12 3 3 1
220 38 4 5 1
221 50 2 4 1
224 54 2 2 0
225 4 5 4 0
226 47 3 1 0
227 9 5 4 0
229 6 1 5 1
231 40 5 2 1
234 48 4 4 1
239 10 5 1 0
239 49 2 1 0
240 4 2 1 1
240 25 1 5 0
241 44 1 3 1
241 34 2 1 1
241 7 4 4 0
242 39 2 1 1
243 30 4 5 1
243 28 3 2 1
243 1 2 3 0
243 23 4 1 1
244 49 1 3 0
244 52 3 3 0
246 19 1 1 0
248 16 2 4 1
248 27 4 3 0
249 10 5 2 1
249 37 2 2 1
250 41 3 1 0
252 45 2 1 1
255 9 1 5 1
257 18 1 3 0
257 17 2 1 0
260 26 5 3 1
260 30 1 3 1
261 31 2 5 0
261 5 4 5 0
263 34 1 1 1
265 8 5 3 0
266 11 5 3 1
267 16 2 3 0
269 32 4 3 0
269 11 2 1 1
269 8 5 3 1
270 28 5 1 1
270 11 4 5 1
273 6 2 1 0
274 46 4 1 0
275 26 5 3 1
276 5 2 4 0
277 16 2 3 0
281 33 1 5 1
289 18 3 1 1
291 5 4 5 1
291 53 3 2 1
294 50 5 2 1
295 12 5 4 0
300 41 5 3 0
301 23 2 2 0
304 21 3 5 1
305 18 4 1 1
306 16 4 3 1
308 5 2 4 0
308 42 5 1 0
309 44 4 2 1
309 14 5 1 0
312 50 3 3 1
314 25 5 5 1
314 27 4 3 0
314 51 4 2 0
320 31 2 1 0
324 46 3 1 0
324 6 1 5 0
325 45 2 1 1
326 6 5 1 1
327 17 1 3 0
328 54 3 4 1
328 44 3 4 1
328 35 5 2 0
329 27 1 4 0
330 43 2 2 1
334 26 1 2 1
337 15 5 4 1
337 2 5 3 1
338 52 3 1 1
339 37 1 2 1
339 8 2 4 0
339 16 1 3 1
340 16 1 5 1
341 34 2 1 0
342 28 4 4 1
343 24 5 3 0
344 34 3 2 0
345 3 5 5 1
346 41 3 2 0
347 16 5 5 0
348 46 1 3 0
348 32 3 3 0
349 35 5 4 0
349 16 3 2 0
349 9 3 5 0
350 23 5 5 1
351 14 5 3 1
351 53 1 1 1
354 39 5 4 0
356 11 5 5 1
357 36 2 5 0
357 18 4 5 0
358 32 1 5 1
360 53 1 4 0
362 53 2 5 1
363 26 4 2 1
365 25 3 4 0
367 32 5 4 0
369 29 4 2 0
372 35 2 1 0
372 42 3 4 1
373 9 2 4 1
373 53 2 4 1
374 40 5 2 0
374 27 5 2 0
374 29 2 3 0
376 12 5 3 0
376 26 4 2 0
377 42 5 3 1
378 21 4 1 0
378 40 4 4 1
379 53 1 1 1
380 34 4 4 0
381 34 1 2 0
387 3 3 2 1
388 47 5 2 0
390 8 4 3 0
391 24 4 5 0
391 36 1 3 0
392 42 5 3 1
393 36 2 5 1
393 32 5 1 0
393 51 5 2 1
394 47 1 5 1
395 33 2 4 0
396 30 3 3 1
397 22 1 4 1
400 32 1 2 0
400 6 1 1 0
401 39 5 2 0
404 41 5 1 0
404 52 3 4 0
406 52 3 5 1
406 52 3 4 0
406 5 5 3 1
407 29 1 4 1
408 8 5 5 0
409 5 3 4 1
410 35 2 3 1
411 47 3 3 1
411 45 5 5 0
411 36 5 3 0
412 29 4 2 1
413 44 5 2 0
415 43 1 2 0
417 11 2 4 1
417 49 4 5 1
417 47 1 3 1
418 24 4 4 0
421 20 3 5 0
421 12 3 3 0
421 28 2 2 1
424 31 4 3 0
424 1 2 4 0
427 53 3 1 1
428 44 1 5 1
429 30 2 4 0
430 35 2 3 1
431 1 5 3 0
431 26 4 3 0
431 31 4 2 0
431 38 1 2 1
433 27 5 1 0
435 12 1 1 1
435 26 3 5 1
436 52 1 1 0
436 14 3 3 1
437 48 2 2 1
439 47 3 2 0
440 13 4 2 1
440 23 1 1 0
440 37 5 4 0
441 4 1 3 0
441 13 3 2 0
441 54 4 5 0
443 51 3 4 0
444 30 4 4 1
444 49 3 1 1
445 36 4 4 0
446 53 3 4 1
447 2 1 1 1
448 21 5 3 1
449 19 5 3 0
450 16 1 3 0
450 1 1 1 1
451 49 1 1 0
452 16 4 1 0
453 5 4 2 1
453 10 2 2 0
454 11 3 5 0
457 43 2 3 1
458 52 5 4 0
460 5 5 1 0
462 46 4 4 1
463 27 4 5 1
463 33 4 5 1
466 39 2 5 0
466 6 4 1 1
468 52 3 2 1
469 50 2 2 0
469 7 4 1 1
470 32 5 3 1
471 51 4 3 0
471 37 5 1 1
471 23 4 4 1
472 8 4 1 1
473 7 3 2 1
475 49 4 1 1
478 25 4 2 0
480 50 2 2 1
480 38 1 5 0
480 13 4 5 0
481 52 4 3 1
481 32 3 5 1
482 47 4 5 1
483 26 4 1 1
485 15 4 2 0
487 40 3 5 0
488 30 2 1 0
492 37 3 5 0
493 54 5 5 0
497 12 5 3 0
497 41 1 5 0
498 36 2 4 0
500 22 5 3 1
501 23 4 5 0
501 35 1 2 0
504 3 5 5 0
504 43 4 4 0
505 4 5 4 0
505 23 1 1 0
505 52 5 4 1
507 34 5 2 0
508 37 4 5 0
510 24 3 5 1
511 11 3 4 0
513 38 2 1 0
515 49 3 5 1
515 7 2 4 0
516 36 1 5 1
517 4 5 2 0
517 17 1 2 1
519 34 4 3 0
522 20 5 1 1
523 43 5 4 1
524 30 1 1 1
525 40 3 1 1
525 7 3 4 1
525 9 4 2 1
529 32 3 4 1
530 32 3 5 1
531 45 3 3 1
532 20 5 5 1
536 8 4 5 0
536 41 3 1 1
536 41 3 3 1
537 31 2 3 0
543 36 1 5 1
544 1 4 1 0
545 43 5 4 1
546 49 1 5 1
548 14 2 5 1
551 45 2 2 0
551 33 3 2 0
552 34 4 2 0
553 22 3 4 0
555 9 5 1 0
555 5 4 1 1
559 42 1 3 0
560 35 5 2 0
560 31 4 1 0
561 29 5 1 0
566 50 4 3 0
567 3 2 4 0
568 9 5 3 0
568 36 2 3 0
570 37 1 3 0
570 17 4 1 0
571 6 4 5 0
572 33 5 3 0
572 48 5 3 0
574 46 4 1 0
574 54 3 2 0
577 46 2 5 1
578 44 1 2 1
579 7 4 1 0
580 1 4 3 0
584 9 2 2 0
584 43 1 5 1
585 51 3 4 1
586 23 2 5 1
587 41 4 2 1
588 49 3 3 0
590 14 3 3 0
592 23 5 4 0
594 7 3 2 1
594 43 2 4 0
595 40 3 4 0
595 5 2 2 0
595 9 1 5 0
596 35 5 5 1
598 37 4 2 1
598 4 1 2 1
599 21 2 3 0
599 6 4 4 0
599 13 4 5 1
600 49 2 3 0
601 12 4 2 0
603 19 5 5 0
605 12 3 2 0
606 6 5 4 0
607 52 1 1 1
608 45 2 3 1
608 3 5 4 1
609 54 1 5 1
611 39 3 1 0
611 14 4 5 0
613 39 1 2 0
616 26 2 3 1
617 40 1 5 1
620 32 3 2 1
623 48 5 1 1
623 27 4 3 0
626 31 5 1 0
627 32 2 3 1
627 40 1 4 1
628 21 1 3 0
629 38 1 4 0
630 5 1 5 1
631 51 2 2 0
631 25 2 5 0
632 12 2 3 1
637 54 2 5 0
638 31 4 1 0
639 49 5 4 1
640 16 2 4 1
641 30 3 2 1
642 34 3 5 0
642 26 1 5 1
642 31 2 5 0
644 12 1 4 1
644 36 2 5 1
645 31 1 4 1
648 54 4 4 1
648 23 5 3 0
650 50 5 5 1
651 5 1 4 0
652 15 4 5 1
655 52 3 1 1
655 1 1 2 0
656 2 1 1 0
658 28 1 2 0
658 40 3 3 0
660 51 4 1 1
662 39 1 4 0
663 24 3 4 0
664 51 3 3 0
665 20 5 3 1
666 10 1 3 0
670 15 4 5 1
672 45 3 3 0
674 19 2 4 0
674 8 3 4 0
674 38 3 4 1
675 9 3 3 1
677 15 4 5 1
678 29 5 2 0
679 26 3 2 0
679 41 2 5 0
680 50 4 2 0
680 24 4 5 1
682 33 5 3 0
682 33 1 3 0
682 6 4 4 1
684 33 2 2 1
685 39 1 2 1
685 28 4 1 1
687 9 5 5 1
687 4 3 5 0
689 2 3 5 1
690 33 4 1 1
691 5 4 5 0
692 35 4 3 0
692 31 1 3 1
693 6 2 5 1
693 40 2 4 0
698 30 2 5 1
699 35 3 2 1
700 54 2 3 1
700 19 3 2 0
702 45 4 2 0
703 36 5 1 0
705 8 5 5 1
706 40 1 5 0
706 27 2 1 0
707 35 3 2 1
708 50 3 5 1
712 49 4 1 0
713 50 1 1 0
714 8 5 4 0
715 52 5 1 1
716 32 4 2 1
722 30 4 1 0
726 46 4 3 0
727 6 4 5 0
728 18 5 5 1
730 34 2 4 0
733 42 3 2 0
735 41 3 5 0
736 29 4 4 1
737 22 5 1 0
738 23 5 3 0
738 28 5 3 1
739 46 3 5 1
739 42 5 4 1
739 37 4 4 0
740 50 2 5 0
741 10 1 4 1
744 54 1 2 1
744 51 2 4 1
746 22 1 5 0
747 29 5 5 0
748 15 4 2 0
753 28 3 5 1
753 12 2 4 0
753 29 5 4 0
754 53 2 1 1
755 47 1 1 0
757 34 4 4 0
758 38 1 3 1
759 12 4 5 1
762 49 4 4 0
763 16 5 3 1
764 48 3 3 1
765 17 1 3 0
765 42 2 2 0
768 36 5 5 1
769 33 4 4 0
769 29 2 3 1
770 47 3 3 1
770 33 5 5 0
771 12 3 2 0
771 3 2 3 1
772 30 3 1 0
772 34 5 2 1
773 36 5 1 0
774 16 1 3 1
776 17 2 4 1
776 15 1 2 1
776 8 1 1 1
778 11 4 5 0
778 24 1 5 1
778 12 4 2 0
780 8 4 2 0
781 21 3 2 1
781 14 5 5 0
781 42 1 1 0
783 34 2 4 0
783 54 5 3 0
783 7 4 3 1
784 41 1 2 0
786 15 3 1 1
789 12 2 1 1
790 10 5 4 1
792 6 4 4 1
793 33 5 2 1
795 50 5 3 1
796 52 2 2 1
796 1 3 3 1
796 45 3 1 0
798 23 1 2 1
801 37 1 3 0
802 7 5 1 1
802 50 5 5 1
806 13 2 4 1
807 35 3 2 1
810 26 2 4 1
811 52 2 1 0
812 2 1 1 0
813 52 2 2 0
815 20 1 5 1
818 1 4 1 1
819 3 2 5 0
819 49 5 2 1
822 3 3 3 0
824 1 1 5 1
824 20 4 2 0
827 45 5 2 0
829 22 3 3 1
830 4 4 3 0
830 25 5 3 0
833 51 3 5 1
836 7 3 2 0
836 23 1 1 0
840 49 1 2 1
841 44 3 4 0
844 5 2 4 0
847 45 4 4 1
847 22 4 4 1
848 1 3 3 1
851 11 2 4 0
851 26 5 2 0
851 50 5 5 0
852 30 1 1 1
856 31 2 1 0
859 51 5 5 1
860 40 1 3 0
862 20 3 5 0
866 12 1 5 1
867 2 4 1 1
868 2 3 4 0
869 18 4 1 0
870 16 1 2 0
870 50 5 4 0
871 22 5 4 1
871 27 3 4 1
871 37 2 1 1
876 42 3 3 0
877 20 5 2 1
878 31 3 2 1
879 42 4 3 1
880 38 1 4 0
882 15 4 4 0
882 9 3 2 0
885 47 4 2 1
885 3 4 1 1
886 16 1 5 0
889 43 1 2 1
892 8 5 5 0
893 34 4 2 1
894 39 4 1 0
895 4 3 1 1
895 6 2 2 0
899 25 5 4 0
900 13 2 5 0
901 5 4 5 1
902 51 2 2 1
902 8 4 4 1
902 17 1 3 0
904 6 5 3 0
906 51 1 2 0
907 24 3 3 1
908 2 2 4 0
908 48 1 2 0
909 52 5 3 0
916 41 5 5 1
919 34 3 5 1
920 19 1 3 1
922 53 3 1 0
925 14 5 5 0
925 38 4 1 0
929 44 2 4 1
933 6 1 1 0
934 23 5 3 0
934 5 4 4 1
936 51 2 2 0
938 29 4 4 1
938 19 3 3 0
939 35 2 1 1
939 9 4 2 0
940 18 3 4 1
941 15 1 1 1
943 49 1 3 0
943 30 3 4 1
946 25 3 5 0
946 7 1 1 1
947 7 2 1 1
947 48 3 5 0
950 4 5 5 0
950 37 1 3 0
951 11 5 2 0
952 21 2 2 1
955 23 4 4 0
957 54 1 1 0
960 34 4 2 1
961 14 4 3 0
963 25 5 5 0
964 45 2 1 0
964 14 1 4 0
965 47 1 2 1
967 51 2 5 0
967 24 1 4 0
969 44 4 1 1
971 13 5 3 0
971 6 3 2 1
972 4 5 3 0
974 5 4 3 1
975 24 5 3 1
977 53 4 4 1
980 52 3 4 1
981 45 2 2 0
982 39 4 5 1
984 30 4 3 1
985 35 1 2 1
987 13 5 4 0
987 12 3 5 1
988 34 1 4 1
990 16 4 3 0
991 52 3 1 0
991 8 5 2 0
993 8 2 2 0
997 6 1 5 1
998 38 1 3 1
1000 16 3 1 0
75 704
1 27 1 4 1
2 14 2 3 0
5 66 2 5 0
6 47 4 4 1
6 20 5 1 1
9 51 5 4 1
9 55 1 4 0
9 22 5 3 0
11 65 4 4 0
11 49 1 3 0
13 66 2 5 0
13 24 3 1 1
15 54 4 4 0
16 15 1 2 0
17 33 3 1 0
18 35 2 1 1
18 38 5 4 0
20 37 3 2 1
20 74 2 2 0
22 40 2 1 1
22 35 4 1 1
22 61 1 5 1
22 14 3 2 1
25 56 1 1 1
27 42 1 3 0
28 71 5 1 0
29 73 5 3 0
29 49 4 4 0
31 39 2 5 1
31 60 2 1 0
35 41 5 4 1
37 7 4 2 0
38 5 4 3 1
39 13 2 4 1
40 24 2 3 0
42 58 2 3 0
43 57 4 5 0
43 5 5 1 0
44 21 2 3 0
45 32 5 4 1
47 18 5 2 0
47 44 4 3 1
48 18 5 4 0
53 69 2 4 1
53 28 1 5 1
53 19 2 3 1
55 74 3 2 1
55 3 1 2 0
55 59 1 3 1
56 60 1 3 1
56 65 5 1 1
58 68 5 3 1
59 41 1 5 0
63 41 5 5 0
67 64 3 4 1
67 45 3 3 0
68 52 1 5 1
69 25 5 5 1
69 75 3 1 1
71 25 3 2 0
72 65 3 5 1
72 47 3 2 0
72 56 2 5 0
74 3 4 4 1
77 26 3 1 1
79 14 3 2 1
81 10 5 2 0
81 3 3 3 0
82 69 2 1 1
82 62 4 4 1
82 7 1 4 0
83 34 4 4 0
83 3 5 2 0
86 40 1 1 1
90 2 2 3 1
91 35 3 2 1
92 41 5 3 1
94 13 2 5 1
94 51 2 4 1
95 21 3 4 1
97 54 3 3 1
98 4 1 2 0
102 29 5 1 1
103 14 2 5 0
104 13 4 3 0
104 74 2 1 0
104 57 1 3 0
105 53 5 1 1
106 1 2 4 0
109 24 5 3 1
109 9 2 2 0
111 37 5 5 1
113 75 5 5 0
114 40 3 2 1
114 13 3 3 1
115 12 2 1 1
117 66 2 5 0
119 4 2 2 0
120 38 4 5 1
124 36 3 4 1
127 64 3 2 1
128 32 5 5 1
129 25 4 3 0
129 31 1 5 1
130 65 2 1 0
135 39 4 3 1
135 26 3 5 0
142 20 2 2 0
143 24 5 4 0
148 31 3 5 1
148 28 2 4 1
151 33 1 2 0
153 22 2 2 1
155 2 2 5 1
160 36 3 5 0
160 61 2 5 0
162 43 5 2 0
165 42 5 3 0
165 44 5 4 0
166 14 5 4 0
167 50 4 3 1
168 74 1 2 0
169 15 3 4 1
171 67 2 5 1
172 5 4 5 0
179 63 2 2 0
181 33 4 2 1
182 36 5 5 1
182 21 5 5 0
183 62 2 4 1
184 2 4 4 1
186 12 3 1 0
187 32 3 1 1
189 34 2 3 0
189 46 4 2 0
196 4 3 2 1
196 25 4 4 0
196 12 5 5 0
199 45 4 2 0
201 19 4 4 0
204 9 5 3 1
210 43 2 2 1
210 42 2 1 0
212 15 4 5 1
213 10 3 5 1
215 48 3 2 1
215 32 4 4 0
217 17 4 5 1
217 63 4 1 0
218 73 3 4 1
220 38 3 3 0
220 26 2 5 0
220 22 1 5 0
221 60 5 1 1
224 34 5 3 0
225 53 5 5 1
229 44 4 1 1
233 47 4 5 0
234 8 5 2 1
236 24 5 3 0
239 25 2 2 0
241 61 2 2 0
244 55 1 2 0
244 2 4 5 1
245 51 4 3 1
245 36 3 2 1
246 44 4 2 1
246 2 5 4 1
246 21 3 3 0
247 44 4 3 1
249 4 2 4 0
249 46 3 4 1
250 69 4 3 1
250 66 2 2 1
255 73 4 5 1
255 45 1 1 1
255 42 1 3 1
259 19 5 3 0
259 44 2 2 0
261 51 2 4 1
263 50 5 1 1
269 49 1 4 1
270 8 5 3 1
270 53 2 2 1
272 64 2 5 1
273 33 1 4 0
274 70 2 4 0
276 50 3 5 0
276 40 5 3 0
278 43 2 1 0
280 64 2 5 0
284 51 1 5 1
285 51 5 2 0
286 19 2 2 0
288 28 3 4 1
288 23 3 2 0
288 33 5 1 0
288 68 2 4 0
292 47 1 4 0
295 15 5 2 0
300 22 1 4 0
302 56 2 5 1
302 63 1 3 0
303 58 1 1 1
305 19 1 5 1
307 68 4 4 0
307 12 5 2 1
307 62 5 1 1
307 70 1 1 1
309 40 1 3 1
309 42 1 5 1
310 13 4 4 0
310 32 1 1 1
310 21 4 5 0
312 10 3 1 1
313 50 3 2 0
314 10 5 1 1
315 49 2 4 1
316 37 5 2 0
316 15 2 4 1
318 3 3 4 0
318 49 2 5 0
318 29 1 3 1
319 40 1 1 1
320 63 1 1 0
320 7 4 2 1
322 53 2 3 0
322 34 1 3 0
325 46 3 2 1
325 17 2 1 1
326 71 5 3 0
332 10 3 3 1
334 52 3 5 1
335 22 3 2 1
336 41 5 4 1
338 6 5 3 0
339 36 5 2 0
340 34 4 5 0
342 57 1 2 0
344 72 2 5 1
344 71 2 1 1
345 13 5 2 0
347 72 3 2 0
347 64 2 5 1
347 68 1 3 1
348 43 5 1 1
352 52 2 5 0
353 70 1 3 1
355 63 3 2 0
355 25 1 1 1
356 23 3 1 0
360 42 3 1 1
361 46 3 5 1
361 25 4 1 0
365 50 4 2 1
365 61 2 3 1
367 31 4 3 1
368 50 3 5 1
369 73 4 1 0
372 44 1 3 0
372 45 4 2 0
373 30 5 2 1
374 2 2 3 0
376 71 4 2 1
377 32 4 4 1
378 44 3 3 1
378 46 4 1 1
381 24 5 1 1
382 54 1 2 0
383 43 3 4 0
388 13 2 4 0
391 68 1 5 0
394 52 1 3 1
394 64 4 3 0
401 61 2 2 1
401 14 1 4 0
401 61 5 4 1
404 74 3 2 1
404 14 5 1 1
406 3 5 4 0
406 30 3 2 1
408 72 4 3 1
409 21 3 2 1
410 47 4 3 1
412 48 1 3 1
415 39 4 1 0
417 12 1 3 0
420 60 1 2 1
422 69 2 1 0
422 2 1 4 1
427 30 2 2 0
428 25 5 4 1
430 73 2 2 0
430 72 1 5 1
431 10 5 2 0
433 32 5 2 1
433 45 4 1 0
438 24 4 4 0
438 44 2 1 0
440 10 5 1 1
441 49 3 5 0
442 2 2 4 0
442 3 2 1 0
442 64 5 1 0
443 31 4 3 1
448 49 3 5 1
448 2 4 3 1
448 54 5 2 1
449 58 3 5 1
450 42 1 1 0
450 45 4 2 0
451 68 4 2 0
455 13 2 2 1
456 47 1 3 0
458 17 4 5 0
459 40 1 4 0
459 62 2 3 1
460 15 1 2 1
460 72 1 5 0
463 39 3 5 0
467 34 2 4 1
472 12 5 5 1
472 56 2 4 0
479 43 3 5 0
479 75 3 4 0
480 1 1 1 1
488 9 2 4 0
494 70 3 3 1
497 43 3 2 1
498 2 2 4 1
499 65 3 3 1
500 29 1 1 0
500 12 3 5 1
503 28 5 1 0
504 20 4 2 1
504 17 5 3 1
506 43 2 5 0
507 50 1 1 0
508 10 1 2 1
510 66 3 3 0
510 28 1 3 0
511 36 1 5 0
511 39 3 3 0
511 14 3 4 1
512 23 3 5 1
512 60 5 4 0
513 5 3 2 1
517 40 4 2 0
517 38 5 2 1
517 26 1 1 1
517 42 1 5 0
518 27 3 4 1
518 72 3 5 0
520 64 5 3 0
520 16 5 1 1
522 1 3 3 0
525 16 1 1 0
525 39 3 3 1
530 11 5 1 0
531 65 3 4 0
533 28 4 4 1
534 8 1 5 0
534 21 1 4 1
534 64 4 4 0
537 23 2 3 0
537 4 4 1 1
542 16 4 2 1
543 50 5 5 1
543 73 4 4 0
546 41 1 3 0
547 32 2 1 0
549 9 1 5 1
553 48 2 5 1
554 31 2 4 1
554 30 2 4 0
556 2 3 3 0
558 21 4 3 0
561 31 3 2 1
565 11 4 1 0
568 65 1 1 1
569 2 3 3 0
569 43 3 1 1
575 13 1 2 1
575 7 5 4 0
576 57 4 3 1
577 4 1 3 0
580 71 5 5 1
580 10 4 3 1
581 15 2 2 0
583 68 5 5 0
583 57 4 3 1
583 21 2 5 0
583 68 1 1 0
584 12 1 2 1
585 45 3 5 1
585 42 2 3 0
586 15 2 3 0
587 34 4 4 1
588 72 5 2 1
592 70 1 4 1
593 61 1 2 0
594 47 3 2 1
594 51 5 2 1
598 29 2 2 0
600 64 5 5 1
602 64 4 4 0
604 6 5 1 1
604 8 5 5 1
604 24 5 3 1
605 13 4 2 0
606 59 5 5 0
610 17 2 5 0
611 72 2 5 1
612 11 5 4 0
612 21 2 3 1
613 43 5 5 0
613 52 4 5 0
615 58 5 4 0
615 22 2 5 0
616 41 4 3 0
617 64 4 1 0
617 13 1 4 0
619 23 3 3 1
623 28 3 2 1
624 41 3 1 0
624 35 2 5 1
626 16 3 5 1
626 8 3 2 1
627 12 5 5 1
628 20 3 4 0
628 52 5 4 1
629 19 5 2 0
629 20 4 1 1
632 35 5 5 1
634 58 2 1 0
636 44 2 3 1
637 6 1 1 0
639 61 5 3 1
639 11 2 4 0
642 54 5 4 1
643 62 4 5 1
643 57 4 2 0
644 29 1 2 0
645 68 1 4 1
647 10 4 4 0
647 34 2 1 1
651 68 2 3 1
651 48 4 2 1
652 34 2 1 0
655 59 5 1 0
657 35 4 5 0
657 42 5 2 1
657 34 5 4 0
659 14 3 4 0
660 37 4 4 1
661 2 1 3 1
661 25 4 4 1
664 15 2 5 1
664 61 3 4 1
665 6 4 2 1
667 8 3 4 1
668 8 5 2 0
669 64 1 2 1
673 18 3 4 1
679 19 3 2 1
679 2 1 3 1
682 36 3 4 0
683 73 3 1 0
685 63 3 1 1
688 8 1 1 1
689 33 1 2 0
689 73 1 3 1
690 61 4 1 1
691 31 2 4 1
692 64 5 3 0
693 61 4 2 1
698 21 3 4 1
699 44 3 5 1
702 6 1 3 0
703 39 2 4 1
704 58 1 2 0
704 11 1 5 1
704 61 2 2 0
704 75 5 1 1
707 52 5 1 0
707 37 2 2 0
711 42 4 5 1
716 60 3 2 0
718 50 1 4 1
720 40 5 3 0
723 56 1 4 1
723 19 4 1 0
725 52 1 4 0
725 8 4 3 1
727 75 2 1 0
728 6 3 2 1
729 38 3 3 1
732 36 3 4 0
733 67 2 3 0
735 24 3 3 1
735 46 2 4 1
737 48 1 4 0
737 27 3 3 0
738 69 3 3 1
738 60 2 4 1
744 48 5 5 1
745 33 4 5 0
749 50 5 2 1
749 14 4 3 1
753 4 3 1 0
755 21 1 5 1
755 44 4 4 0
755 63 2 3 1
757 44 1 3 0
758 69 2 2 0
758 49 1 4 0
759 17 5 5 1
761 32 2 5 1
761 71 2 2 0
762 31 3 1 0
762 25 5 5 0
763 37 4 5 1
764 5 1 5 0
766 68 1 4 0
767 28 2 1 1
769 75 3 1 0
773 59 3 2 0
775 54 5 2 1
775 42 4 2 0
775 50 5 5 0
775 43 3 4 0
777 37 5 4 1
777 3 5 1 0
778 74 2 2 0
779 46 5 5 1
780 11 5 5 0
781 16 1 1 1
781 3 3 3 1
783 48 4 2 0
790 3 2 2 0
790 50 4 1 1
790 28 5 3 1
792 11 2 3 1
792 72 5 2 1
795 66 3 2 0
795 33 5 2 1
797 35 5 4 1
799 70 1 3 1
801 55 3 4 1
802 5 4 2 0
802 64 2 4 0
805 41 3 1 1
806 45 4 2 1
811 49 3 2 1
812 42 1 3 1
818 20 2 2 1
819 9 3 5 0
821 24 3 3 1
823 63 4 1 0
823 5 5 5 0
823 29 4 1 0
825 29 1 4 1
825 75 2 2 0
827 70 3 5 0
828 35 1 2 1
829 57 2 5 1
830 36 4 5 1
830 10 1 4 0
833 10 2 4 0
834 50 2 5 0
834 7 4 4 1
835 62 5 2 1
841 4 5 5 1
843 35 4 3 0
844 8 4 4 1
846 52 5 1 0
846 41 2 1 0
852 9 2 5 1
852 67 3 2 1
853 19 3 5 0
855 44 5 2 0
856 19 4 1 0
856 12 1 2 0
857 64 3 2 1
857 51 1 1 0
858 34 3 3 0
858 46 1 5 0
859 60 3 2 1
861 62 3 3 1
862 34 4 2 1
862 32 3 4 1
864 32 3 3 0
864 26 2 3 1
866 39 5 2 1
869 1 5 2 0
870 44 5 2 1
870 70 2 5 1
871 51 5 4 1
873 44 2 1 0
877 70 4 4 1
878 30 4 1 1
878 58 2 5 1
879 62 1 5 0
879 17 4 4 0
879 34 4 2 0
883 30 2 4 1
886 29 3 4 0
887 8 4 4 0
887 38 3 3 1
890 3 2 3 1
891 42 4 1 0
891 53 5 1 1
895 55 5 4 1
895 16 4 5 1
898 58 4 3 1
898 62 3 3 1
899 48 4 1 0
899 37 3 4 1
901 4 4 1 0
903 64 1 2 0
904 47 4 5 0
904 3 4 2 0
904 2 4 4 0
904 17 4 5 0
905 30 4 1 1
906 25 3 2 0
906 49 5 5 0
907 23 1 4 1
907 13 1 5 0
909 64 1 2 0
910 17 5 2 0
910 12 1 2 1
911 61 2 5 1
911 53 4 1 0
911 13 4 4 1
912 4 5 1 1
912 6 4 2 1
919 4 5 5 0
921 75 5 1 0
923 36 2 3 1
924 15 1 2 0
925 71 3 4 1
925 29 5 4 0
926 70 5 4 1
927 55 1 3 0
928 52 5 2 0
928 64 3 2 1
929 3 4 1 0
930 73 4 1 1
930 48 2 4 0
930 21 1 5 0
931 21 2 5 0
932 22 1 4 0
933 58 5 3 0
934 25 3 2 1
934 74 3 4 1
936 36 4 3 0
937 32 1 3 1
939 45 2 1 0
940 48 5 1 0
940 53 2 3 1
941 59 5 4 1
941 44 4 5 0
944 26 1 5 1
945 5 1 2 0
945 48 1 3 0
945 12 4 3 1
946 55 2 2 1
946 22 4 2 0
946 67 3 4 1
948 46 3 1 0
949 60 4 2 1
950 68 2 4 0
952 16 3 4 0
953 69 1 1 0
954 36 3 3 0
956 42 5 4 0
957 56 3 2 0
958 41 2 4 1
958 8 1 2 0
960 71 1 2 1
966 23 1 5 1
971 42 4 1 1
971 18 2 1 1
973 28 4 3 0
975 75 3 1 1
976 38 3 3 0
977 65 4 2 0
981 48 5 1 0
984 47 4 1 1
985 23 5 4 1
986 64 5 5 1
988 26 5 5 1
989 36 2 4 1
990 22 5 5 0
991 38 5 2 0
991 42 4 1 0
993 53 4 2 0
996 4 4 4 1
996 20 1 2 1
996 28 5 1 0
999 24 3 5 0
999 56 2 5 0
1000 75 2 3 1
60 812
5 10 3 4 0
5 2 1 1 0
5 1 1 1 1
5 47 3 5 0
7 29 2 1 0
7 29 1 5 0
8 40 2 5 1
9 40 2 2 0
12 41 2 1 0
12 13 2 5 0
13 31 3 1 0
13 5 5 1 0
14 2 5 2 0
14 26 4 1 1
15 60 5 4 0
17 8 2 4 1
20 14 3 3 1
21 2 3 2 0
22 16 3 5 0
22 48 2 3 1
23 1 5 1 0
24 28 1 3 1
27 7 1 2 1
28 30 4 5 1
28 25 1 1 0
29 3 5 2 0
30 56 3 2 1
31 17 3 1 1
32 37 4 3 1
32 36 1 3 0
32 26 2 1 0
33 23 5 2 0
34 32 5 1 1
36 49 2 3 1
39 5 2 3 0
40 15 4 2 1
41 33 3 3 1
41 4 2 1 1
41 44 2 3 0
42 33 5 4 1
43 1 2 1 0
43 11 4 4 1
44 49 4 1 1
44 7 2 4 1
46 29 2 1 1
46 4 5 3 1
47 52 1 1 0
47 13 4 4 0
47 37 5 1 1
48 45 1 2 1
51 31 3 4 1
52 8 3 3 0
52 56 2 4 0
53 51 1 3 0
53 57 5 3 1
56 23 3 3 0
60 5 5 2 0
62 56 3 4 1
63 16 1 3 1
63 9 1 3 0
63 24 2 2 1
64 3 5 1 0
65 28 4 4 0
66 36 4 1 1
66 17 2 1 1
66 6 4 1 1
67 41 1 1 0
69 42 5 1 1
69 21 3 1 1
71 19 4 5 1
72 22 4 1 1
76 8 2 4 0
77 16 4 4 0
78 55 2 2 0
78 12 3 2 1
79 40 1 2 0
80 10 3 4 0
81 9 4 1 0
82 10 3 2 1
88 13 4 4 1
89 18 5 2 1
90 19 3 3 1
94 58 5 2 0
95 45 3 2 0
96 17 4 1 1
96 50 1 5 1
97 20 1 4 1
99 37 3 5 1
100 21 3 2 0
100 17 2 1 0
100 31 2 2 0
100 18 3 3 1
101 3 2 1 1
101 31 1 2 1
105 4 2 5 0
106 9 4 3 0
108 44 2 2 1
110 42 5 4 1
111 44 5 1 1
111 49 4 5 1
111 47 4 4 1
111 4 3 5 0
112 11 4 5 1
113 35 2 4 0
113 38 3 4 1
114 33 4 3 0
115 42 5 1 0
116 23 2 5 0
120 10 4 5 1
120 34 5 4 1
121 16 3 4 1
121 12 2 4 1
123 23 3 5 1
123 39 4 4 1
126 26 3 3 1
127 35 5 1 0
128 31 2 2 1
130 23 2 2 0
130 40 4 5 0
134 55 4 3 1
135 40 4 4 0
135 11 4 1 0
135 51 2 5 1
136 59 3 2 1
137 4 1 5 0
137 3 1 3 1
138 60 5 4 0
138 36 1 5 1
140 38 2 5 0
141 60 3 2 1
143 20 5 1 1
143 43 1 2 1
145 58 5 4 0
147 17 2 5 1
149 54 2 4 0
150 17 2 4 0
150 4 1 1 1
150 23 5 2 0
151 7 2 2 1
152 18 4 5 1
152 18 2 1 0
155 29 2 1 0
155 12 3 4 1
159 29 4 1 0
160 23 4 1 0
160 29 3 3 1
161 48 1 3 1
163 27 3 4 1
163 33 4 3 0
163 7 3 2 0
163 30 3 2 0
163 53 2 5 1
165 44 3 1 0
166 45 1 5 1
168 45 4 1 0
170 3 2 2 0
171 47 4 2 0
172 2 4 3 1
173 28 2 2 1
175 40 5 1 1
176 59 1 5 1
181 48 2 1 1
181 46 4 2 1
182 41 5 1 1
183 12 5 4 1
183 47 2 1 1
188 45 2 4 0
188 38 2 1 0
190 26 4 1 1
192 30 2 1 0
192 28 4 1 1
193 48 3 3 1
193 24 4 1 0
194 8 4 2 0
194 58 2 1 0
195 51 1 2 1
196 15 2 5 0
196 35 4 5 1
197 38 5 5 0
199 58 5 5 1
201 27 1 1 1
203 39 3 5 1
204 16 1 2 1
204 12 2 5 1
205 57 2 2 1
206 33 3 4 1
210 45 5 3 1
210 12 4 4 0
212 49 5 4 1
213 10 2 4 1
214 15 3 1 0
215 35 1 5 1
215 10 1 4 0
217 57 5 4 1
220 18 3 5 0
220 1 1 2 0
221 31 5 1 1
221 21 3 2 1
222 9 4 3 0
222 39 5 3 1
223 7 1 4 0
224 31 1 2 1
225 42 1 2 0
226 6 2 3 1
227 19 5 1 1
228 49 5 3 0
229 33 2 1 0
231 41 4 4 0
231 27 5 5 1
234 29 5 4 0
235 18 5 1 0
237 25 1 5 0
237 38 4 1 0
239 38 5 4 1
241 15 2 5 0
243 23 5 1 0
244 50 4 4 0
245 15 1 3 1
245 10 2 1 1
245 39 5 1 1
249 60 4 2 1
249 50 3 5 0
252 47 2 3 1
253 46 1 2 0
254 49 5 3 0
255 17 4 2 0
255 29 3 1 1
256 11 3 2 0
260 6 4 2 1
261 25 2 5 0
261 30 2 2 0
262 14 5 3 0
262 30 4 3 1
265 17 1 4 0
266 14 2 2 1
267 8 2 5 0
268 18 1 1 1
268 12 4 2 0
269 22 1 1 0
269 5 1 4 1
270 49 2 3 0
271 14 3 3 1
272 48 1 2 0
273 54 5 1 0
274 14 1 5 0
274 45 1 4 1
275 33 3 4 1
276 57 3 2 1
277 9 5 2 1
279 26 2 3 0
279 28 4 4 1
280 44 2 5 1
280 53 5 3 0
282 13 5 1 1
286 44 4 2 1
286 29 5 3 1
288 19 2 1 1
289 47 1 4 0
292 9 2 2 1
292 44 2 4 1
294 48 2 2 1
298 11 4 3 1
301 24 3 4 1
302 60 2 2 1
303 26 1 1 0
305 24 5 2 1
305 39 5 2 1
306 42 4 4 0
306 51 3 1 1
309 36 5 1 0
309 8 1 3 1
309 30 3 3 1
310 54 2 2 0
310 31 3 4 1
310 57 1 4 0
311 1 2 3 0
313 43 5 5 1
314 45 3 5 1
316 3 1 3 1
316 44 1 1 0
317 40 1 1 0
317 26 5 3 0
318 5 4 3 0
319 6 3 1 0
322 24 5 2 0
322 25 5 1 0
322 16 4 5 1
323 19 3 5 0
323 14 3 2 1
325 32 5 3 1
325 4 4 1 1
330 16 3 3 0
330 19 4 2 1
331 11 4 1 1
333 43 4 3 1
334 6 3 5 0
335 46 2 3 0
336 34 2 1 0
336 28 4 5 1
337 36 2 3 0
339 31 5 5 0
339 32 3 4 1
346 26 2 5 0
347 5 5 5 1
350 29 2 3 1
352 53 3 1 1
354 52 1 4 0
354 46 4 5 0
354 35 2 5 1
354 21 1 1 1
355 24 3 4 1
355 43 2 5 0
356 7 1 3 1
356 33 3 4 1
358 49 2 1 1
365 58 3 2 1
366 57 2 1 0
366 25 4 3 0
368 19 3 5 0
368 25 1 4 0
369 17 1 2 1
369 27 1 1 0
369 4 5 2 0
373 12 2 2 1
373 50 4 3 1
373 51 5 3 0
377 22 4 2 0
378 17 5 1 0
379 45 2 5 0
379 28 2 3 0
380 6 3 2 1
382 18 3 5 1
382 35 4 2 1
383 10 4 3 1
384 49 3 5 1
384 11 4 3 0
384 19 1 4 1
385 45 1 2 1
386 55 4 2 1
391 32 5 2 1
395 20 3 5 1
395 44 5 3 1
396 21 3 4 0
398 1 5 1 1
398 8 2 5 1
400 19 4 5 1
400 2 3 5 0
401 46 4 4 1
401 4 1 1 1
402 40 3 1 1
402 21 5 1 1
403 54 4 3 1
408 2 5 2 0
409 8 1 4 1
411 20 5 1 0
412 51 3 2 0
413 37 2 2 1
414 19 2 5 1
414 23 4 2 1
415 2 5 2 1
416 56 4 3 1
416 52 2 4 1
417 10 4 3 0
417 7 2 5 1
418 19 2 2 0
418 11 4 1 0
419 16 4 2 1
419 49 1 3 1
420 37 1 3 1
420 12 5 4 0
420 53 3 3 1
421 42 1 3 1
422 31 3 1 0
424 29 3 1 1
428 41 3 4 1
428 25 2 4 0
429 24 5 5 0
434 54 5 1 1
435 2 1 1 0
435 6 4 4 1
437 4 3 2 1
440 23 1 3 1
440 47 5 2 1
440 23 4 1 1
443 16 5 3 1
447 4 4 3 1
449 44 1 5 0
451 18 1 2 0
452 40 4 2 1
453 8 1 2 0
453 59 1 5 0
454 16 3 2 1
455 53 1 2 1
455 43 3 5 0
455 59 2 5 1
457 25 3 5 0
457 2 1 5 0
458 16 1 1 1
458 46 3 5 0
459 43 2 4 0
459 9 2 2 0
459 37 1 5 0
461 15 2 4 1
463 53 2 1 1
463 39 1 3 1
465 59 3 1 1
467 40 1 4 0
468 11 1 5 0
469 40 1 3 1
470 18 1 2 1
471 44 2 5 0
471 32 5 4 1
472 59 1 3 1
472 58 5 1 0
473 29 1 4 0
473 20 5 1 1
474 32 4 4 0
475 46 3 1 0
477 3 2 2 1
477 9 3 5 0
478 7 1 1 1
481 15 2 2 0
484 53 1 3 0
485 48 1 2 1
485 42 3 1 1
487 3 3 3 1
491 49 2 4 0
494 43 2 5 1
495 16 1 4 1
496 10 4 2 1
496 30 5 1 1
497 29 2 1 0
497 32 1 2 0
497 44 3 5 0
498 49 5 5 1
499 17 1 4 1
499 34 1 4 0
500 46 2 1 1
500 55 1 1 1
501 43 1 4 0
503 34 1 3 0
503 37 3 2 0
512 33 2 1 1
513 29 4 2 0
514 58 3 4 1
518 1 1 5 0
518 58 4 4 0
519 9 5 5 0
519 46 1 4 0
520 56 1 1 0
522 24 3 5 1
523 58 1 3 1
523 30 2 4 0
523 59 3 3 0
529 11 4 5 0
529 52 2 2 0
533 6 4 2 1
534 56 4 5 1
535 35 3 3 0
535 43 2 1 0
537 40 1 5 0
538 18 2 2 0
538 45 5 3 0
539 47 5 5 1
539 15 1 2 0
541 17 3 1 1
542 6 5 2 1
543 9 3 1 0
546 29 5 2 1
546 25 2 5 0
547 9 3 2 1
548 54 3 5 1
550 43 3 3 1
553 57 4 2 1
555 39 5 5 0
557 57 4 5 0
557 5 5 1 0
559 46 3 5 1
561 2 3 5 0
561 12 2 2 0
561 10 4 1 1
562 56 3 1 1
563 36 2 2 1
564 17 5 5 1
565 4 1 1 1
567 52 1 2 1
568 24 2 3 0
570 13 5 2 1
570 56 2 4 0
571 60 3 4 0
572 27 4 5 0
574 58 5 4 1
574 14 3 3 1
575 20 3 3 0
577 51 5 2 0
577 36 5 4 0
579 23 1 4 1
581 5 4 2 1
582 43 2 5 0
587 58 1 5 1
587 58 1 3 1
589 9 5 2 1
590 48 2 2 1
591 48 1 2 1
591 54 3 2 1
593 29 1 1 1
595 59 2 4 0
598 46 2 2 1
599 7 4 4 0
601 30 2 5 1
601 18 3 3 1
603 34 3 4 0
606 16 4 4 0
607 51 1 1 1
607 8 2 5 1
608 54 3 1 1
608 4 1 5 1
609 36 5 2 1
610 57 2 3 0
610 32 3 3 1
611 49 5 4 1
612 56 1 3 1
616 57 5 4 0
620 25 4 2 0
622 9 5 4 1
623 20 4 1 0
624 20 2 5 0
625 36 5 1 1
626 6 5 3 0
627 23 5 2 0
628 52 1 5 0
629 47 2 5 1
629 57 2 3 1
630 12 3 5 0
634 59 4 3 1
634 26 4 5 0
635 50 2 1 1
638 40 4 1 0
639 30 1 4 1
640 54 5 5 0
645 58 3 4 0
647 17 1 5 1
647 29 5 1 1
648 15 4 2 0
649 23 3 2 0
651 10 5 1 0
652 33 2 4 0
652 60 2 3 1
652 33 4 2 0
653 48 4 4 0
654 4 4 3 0
658 10 1 4 0
659 14 5 3 1
659 39 3 4 0
659 17 3 3 0
660 32 5 2 0
662 36 3 3 1
667 24 1 4 1
668 26 1 1 0
668 1 2 4 0
670 18 5 5 0
670 24 2 5 0
674 56 2 3 0
678 10 1 2 0
679 59 3 3 0
679 25 5 5 0
680 49 4 5 0
682 55 4 4 1
684 58 3 5 0
685 46 4 3 0
685 55 1 2 0
685 43 5 3 1
687 11 2 4 1
689 55 3 1 1
690 45 5 3 1
691 53 4 2 1
691 46 3 2 1
693 35 5 2 1
695 30 2 3 0
695 24 4 3 1
696 39 3 3 1
697 45 2 1 0
697 34 5 1 0
704 22 1 1 0
705 2 3 2 1
710 29 5 1 0
710 23 3 1 0
710 1 1 1 0
710 41 2 3 0
710 34 2 5 0
714 44 4 2 1
715 34 2 4 1
715 45 5 1 0
715 15 3 2 0
716 36 5 2 0
717 24 1 3 1
719 34 3 1 0
720 25 5 4 0
723 41 1 5 1
723 46 2 3 1
724 4 3 4 0
726 5 1 1 1
727 35 5 2 1
727 49 4 5 1
729 49 5 2 0
730 27 5 2 0
730 34 2 3 0
731 55 3 5 1
732 34 1 3 1
735 22 5 1 0
737 37 3 4 0
737 29 3 1 0
737 57 2 2 0
738 24 1 5 1
739 26 5 1 1
743 44 2 2 0
744 15 5 5 0
746 11 1 5 1
746 60 5 1 0
747 35 2 1 1
747 12 3 2 1
747 27 3 2 1
750 22 5 4 0
752 7 4 1 1
753 45 1 1 1
753 1 1 3 1
757 28 4 5 0
761 30 1 5 0
762 41 4 3 1
762 8 5 2 1
762 30 1 2 1
763 24 4 1 0
765 7 1 4 1
766 7 2 4 1
767 55 3 4 1
767 9 2 5 1
767 7 5 3 0
768 22 4 1 1
768 15 5 5 1
769 50 1 3 1
771 7 4 5 1
771 45 3 3 0
771 1 5 1 1
774 9 1 1 0
775 21 1 4 0
775 59 5 5 1
775 13 2 4 0
778 37 5 5 1
782 28 4 3 1
784 57 5 2 0
786 1 5 1 1
787 16 1 2 1
788 59 1 4 1
788 9 3 5 1
790 45 1 3 1
790 47 4 4 0
791 18 5 2 0
791 53 2 2 0
791 19 4 5 0
794 59 2 1 0
794 12 5 5 1
796 35 2 5 1
797 49 1 4 1
799 51 1 2 0
801 7 3 4 0
802 18 3 1 0
803 23 3 1 0
803 47 2 4 0
804 1 2 5 1
804 44 5 3 1
804 41 4 3 1
805 34 3 1 0
806 37 2 3 0
807 3 1 5 1
807 58 1 3 1
807 51 5 5 1
808 56 5 2 0
808 14 3 4 0
811 34 5 4 0
813 7 4 4 1
814 42 1 1 1
815 17 1 4 1
815 58 2 5 0
815 14 1 1 1
817 37 2 2 1
817 52 3 5 1
820 5 2 1 1
824 57 1 4 0
824 30 3 5 0
826 21 5 3 0
829 48 1 1 1
829 7 2 1 0
832 53 4 1 0
832 30 5 1 0
832 41 5 5 1
834 35 3 2 1
834 45 5 2 1
835 55 2 5 0
838 9 1 4 0
842 24 4 2 1
846 58 1 2 0
847 43 5 4 1
848 18 4 4 1
855 57 1 3 0
858 51 4 5 0
859 35 2 4 0
859 6 5 3 1
861 8 1 5 1
862 60 5 4 1
863 37 1 5 1
864 50 5 3 1
866 49 1 3 0
868 52 5 1 0
869 12 4 1 1
872 9 3 1 0
875 47 5 1 1
876 39 2 1 1
877 6 2 2 1
877 12 4 4 1
878 12 1 1 0
879 11 5 1 0
881 30 1 3 1
881 56 3 5 0
884 44 3 1 1
885 20 5 2 1
886 40 1 3 1
886 35 2 1 0
887 7 2 1 1
890 60 4 2 1
890 15 3 5 1
894 2 2 1 1
896 43 4 4 0
896 54 1 5 1
896 37 5 3 0
897 17 1 4 0
898 24 4 2 1
901 6 2 1 0
901 30 3 2 0
901 11 3 1 1
905 18 5 1 1
909 47 1 3 0
910 31 5 4 1
914 29 2 3 0
917 36 4 3 0
919 9 2 2 0
920 54 3 2 1
923 18 1 3 1
925 17 5 5 1
925 16 5 4 1
926 41 1 1 0
929 59 2 5 0
929 35 4 3 0
933 5 4 5 0
934 34 4 3 1
935 57 4 4 0
935 25 4 3 0
936 29 3 3 1
936 20 5 4 1
938 24 4 2 1
938 60 4 1 0
940 51 2 1 1
942 21 4 4 1
944 28 4 3 1
944 21 1 1 1
946 19 4 5 0
946 36 1 3 1
946 24 3 4 1
947 37 3 1 0
949 57 3 1 1
952 37 4 1 1
954 28 2 3 0
954 18 5 4 1
955 53 2 1 0
955 35 1 4 0
957 10 2 3 1
959 30 2 3 0
959 26 1 4 1
960 52 5 2 1
960 5 5 2 1
961 36 3 5 1
962 56 5 1 1
964 36 5 4 0
965 49 5 5 0
969 10 4 5 1
969 40 5 5 0
969 39 4 5 1
970 49 2 2 0
973 37 2 3 0
973 33 3 4 1
980 19 5 1 0
981 45 2 5 0
982 12 3 3 1
982 6 1 2 0
982 45 1 5 1
984 9 2 1 1
985 18 5 4 0
985 19 2 4 0
985 59 3 2 0
985 30 2 3 1
985 47 1 2 0
987 59 2 4 0
987 18 4 5 1
988 25 4 3 0
989 13 1 1 0
992 31 2 3 1
994 39 4 2 0
995 51 2 1 0
995 40 3 1 1
997 51 3 3 1
999 24 1 2 0
999 15 2 3 0
1000 34 5 4 1
92 706
1 78 3 5 1
3 73 5 2 0
3 64 5 4 0
4 59 2 1 1
5 62 5 2 0
5 78 2 2 0
6 79 4 1 0
7 80 5 1 0
8 32 2 3 1
10 75 3 5 1
11 89 4 3 1
11 65 5 2 1
13 21 1 4 1
14 60 1 2 1
15 59 2 1 1
18 63 5 3 0
19 45 1 3 1
21 62 3 3 1
24 71 3 2 0
25 74 4 2 1
29 51 1 3 1
30 85 5 1 1
32 91 4 3 1
33 52 5 3 0
35 43 2 4 1
35 55 3 5 0
37 12 4 3 1
38 6 1 3 1
41 51 3 3 0
42 81 4 1 1
42 58 1 1 0
42 65 1 1 1
45 51 4 3 1
45 66 5 1 1
46 4 5 2 0
48 46 4 3 1
49 31 5 5 1
51 6 3 4 0
52 49 4 1 1
55 79 2 1 0
56 62 3 3 0
58 26 2 1 0
60 90 2 1 0
61 30 4 3 0
65 45 1 5 1
66 49 4 4 0
67 85 3 5 0
70 27 3 3 1
72 2 5 5 1
73 57 4 2 1
73 54 1 3 0
76 6 5 1 1
76 43 3 3 0
77 40 1 4 1
77 78 1 1 0
79 16 5 5 1
79 78 2 4 1
82 6 4 3 1
83 10 5 4 1
84 39 2 5 1
87 68 4 2 1
88 90 4 1 1
90 87 1 5 0
90 80 2 2 0
90 58 3 2 1
90 86 2 1 0
93 55 1 1 0
94 27 2 4 1
94 24 3 3 1
96 90 2 1 0
97 77 3 3 0
108 80 2 2 0
109 69 2 5 0
110 8 2 3 0
111 92 2 1 0
114 80 1 4 0
115 44 3 1 0
118 48 2 2 1
119 75 2 1 0
121 70 3 4 0
121 25 1 3 1
123 12 1 1 1
123 71 2 2 1
125 17 2 1 0
126 39 4 5 1
132 52 2 5 0
133 82 4 5 1
133 18 4 2 1
139 59 4 5 1
140 72 2 5 0
143 25 5 1 0
145 25 2 5 0
145 72 3 4 1
145 43 1 2 1
145 20 1 4 0
149 60 5 1 0
150 46 2 1 0
150 68 2 5 0
157 28 1 3 1
160 17 4 2 1
160 72 4 2 0
160 6 3 3 0
163 72 3 3 0
164 59 5 3 1
165 21 1 3 0
166 10 3 5 1
166 6 5 5 1
166 85 2 5 1
167 28 2 1 0
168 68 2 2 0
169 40 2 4 1
172 1 5 3 1
172 84 1 3 0
174 88 4 2 1
175 73 1 5 1
176 26 5 3 0
177 37 4 5 0
179 47 3 3 0
179 80 5 5 1
181 19 1 1 0
183 72 5 3 1
184 64 1 5 1
184 31 3 5 1
186 2 1 1 0
186 10 4 2 1
186 5 2 1 0
186 40 5 4 1
187 6 4 5 0
193 34 5 1 1
193 2 2 1 1
193 72 4 4 1
194 54 5 3 0
197 57 3 5 0
198 19 3 1 0
198 71 3 1 0
202 4 2 3 0
203 42 4 3 0
203 89 1 2 1
203 23 4 1 0
204 43 1 1 1
207 9 1 3 1
210 45 1 3 0
210 44 2 4 0
211 53 1 2 1
212 84 4 4 0
214 69 3 1 1
217 47 4 5 1
219 26 1 5 0
221 29 3 1 0
222 9 2 3 1
223 24 1 3 1
225 11 1 3 1
228 59 3 4 1
228 85 4 5 1
229 12 1 2 0
230 31 3 3 0
231 84 1 2 1
231 12 3 3 0
232 55 1 5 1
233 84 1 3 0
235 39 2 5 1
236 56 3 1 0
237 20 3 2 1
238 30 1 4 0
243 35 5 5 1
244 78 2 3 1
245 27 2 4 0
246 64 1 3 0
247 83 3 2 1
248 48 2 2 0
248 4 3 1 0
249 37 3 4 1
251 33 5 5 1
252 90 5 2 0
254 88 2 2 0
256 82 5 2 0
260 61 5 2 0
260 62 2 4 0
261 24 2 4 1
262 69 3 3 0
262 83 5 4 0
263 30 1 4 0
263 63 1 1 1
265 70 5 1 0
267 89 5 4 0
267 30 4 1 0
268 36 1 4 1
268 22 1 5 0
273 12 5 2 0
274 55 1 3 1
274 49 3 5 1
278 19 2 1 0
279 6 4 2 0
280 52 5 5 1
280 82 5 4 0
280 29 2 4 1
283 67 3 4 0
283 61 1 3 0
284 12 1 3 0
285 43 3 3 1
285 8 5 5 0
286 27 5 4 0
287 80 1 1 0
288 7 5 2 0
288 51 5 1 1
289 87 1 1 1
290 6 5 3 0
291 78 3 3 1
291 88 2 1 0
292 8 5 5 1
293 51 4 1 1
293 32 4 2 0
293 68 3 1 0
297 35 4 3 0
298 88 5 1 0
301 82 3 5 0
301 51 1 3 1
305 4 5 3 0
305 62 4 1 1
306 21 3 3 1
309 30 2 1 1
311 61 2 1 1
317 39 5 1 1
319 48 1 2 0
322 18 1 5 0
322 33 4 1 0
322 65 2 1 1
325 37 3 5 0
326 67 3 2 1
327 67 5 1 1
329 82 2 3 1
330 59 2 5 0
332 58 5 2 0
336 41 4 1 0
336 43 2 2 0
337 4 1 5 0
338 79 5 1 0
340 91 4 5 1
340 54 5 5 0
342 48 5 4 0
342 13 4 2 1
343 63 5 2 0
343 18 3 2 1
345 86 5 5 1
345 67 3 5 0
346 75 1 4 1
346 74 5 1 0
347 86 3 4 0
348 77 2 2 0
348 2 5 2 1
349 50 3 5 1
350 59 3 5 1
355 61 4 2 0
356 22 1 1 0
356 34 2 1 1
357 17 4 3 1
357 18 5 5 0
359 7 3 4 0
360 54 4 3 0
361 82 5 4 0
361 73 1 5 1
363 70 4 4 1
368 45 3 5 1
368 88 2 3 1
369 35 3 3 1
369 46 3 3 0
370 64 1 3 1
372 47 4 2 0
373 92 5 5 0
375 85 2 3 0
375 47 2 2 1
375 78 1 1 0
376 24 5 2 0
377 18 5 3 0
379 19 2 3 0
380 5 1 4 1
380 78 2 1 0
380 23 3 4 1
380 14 1 5 0
381 60 1 2 1
382 21 2 4 1
382 82 4 4 1
387 50 1 2 0
388 40 1 2 0
390 6 4 5 1
391 42 1 2 1
394 38 3 2 0
395 85 4 4 0
395 73 3 5 1
396 50 5 2 1
399 12 3 5 1
402 23 2 2 1
402 21 3 2 0
404 58 3 2 0
404 41 1 3 0
404 76 1 2 0
407 79 3 4 0
409 85 2 4 0
410 39 3 1 0
415 3 1 4 1
419 22 5 1 0
419 8 2 1 0
420 15 2 2 0
422 40 3 1 0
422 21 5 5 0
423 72 2 4 0
423 18 2 5 0
426 47 4 3 0
429 79 1 2 0
433 61 3 5 0
434 63 4 5 1
434 37 3 3 1
434 79 3 1 0
435 41 4 3 1
437 83 1 3 1
438 62 5 5 0
439 54 3 5 0
440 18 4 3 0
445 71 4 1 1
446 10 4 5 1
447 66 4 5 0
447 69 1 2 0
452 17 5 2 1
455 73 5 4 0
455 25 1 5 0
456 56 3 5 1
457 20 4 4 1
458 48 4 5 0
459 7 1 1 1
460 73 4 4 1
461 23 1 3 1
461 27 4 2 1
462 50 3 2 1
463 8 2 3 0
463 51 3 2 0
463 22 3 2 0
469 38 3 4 0
473 69 1 4 0
473 85 2 1 0
478 16 1 1 0
478 57 3 1 1
480 85 1 3 0
480 90 5 4 0
487 53 1 5 1
490 43 5 4 1
490 61 2 4 0
498 2 2 1 0
498 46 5 5 1
498 33 3 3 1
499 84 2 2 1
501 12 5 2 1
502 70 2 5 1
502 56 4 4 1
503 49 1 1 0
505 17 3 2 1
506 27 3 4 1
506 83 5 3 0
508 84 3 4 1
510 24 2 1 1
510 12 2 1 0
510 34 2 3 1
512 46 4 2 1
513 42 1 5 1
517 33 2 5 0
519 42 4 5 0
521 65 4 5 0
522 79 4 2 1
523 42 5 4 0
523 81 2 3 0
523 20 4 5 1
526 77 5 4 0
528 32 5 4 0
529 6 2 1 1
536 34 1 5 1
536 54 3 1 0
536 31 2 3 0
536 21 4 1 0
538 51 2 3 1
539 35 2 1 0
545 39 4 1 0
546 26 4 3 1
547 81 5 4 1
549 56 4 3 0
549 87 4 3 1
551 7 5 2 1
552 77 2 2 0
553 76 2 1 0
554 58 4 4 1
558 67 1 4 0
563 53 5 3 0
563 49 2 3 1
565 68 3 1 1
566 70 1 3 1
568 43 4 4 0
568 46 2 3 1
569 53 4 5 0
570 37 5 3 0
570 81 4 5 0
570 48 4 4 1
571 67 3 5 1
575 77 1 4 0
575 56 3 3 0
578 56 4 2 1
578 21 1 4 0
579 19 3 5 0
580 8 5 2 1
581 6 4 1 0
581 24 1 3 0
590 81 4 5 0
594 75 4 3 1
595 48 1 3 0
596 2 4 2 0
597 62 5 2 0
600 73 4 2 1
605 53 4 4 0
605 66 4 1 1
607 53 3 4 0
607 26 5 4 1
608 38 4 2 0
608 92 4 4 0
610 6 2 5 0
613 68 5 5 1
616 12 5 4 0
617 10 3 2 0
618 23 1 4 1
620 86 3 3 1
620 74 5 3 0
622 92 1 5 0
622 13 2 1 0
623 16 2 2 1
624 33 2 1 0
627 57 4 5 1
633 28 1 2 0
642 40 4 4 0
643 48 4 1 1
648 10 1 2 1
650 45 5 1 0
650 79 5 5 1
651 13 5 4 1
653 26 1 4 1
654 21 4 2 1
654 78 4 1 0
655 40 4 1 0
656 84 5 1 0
657 69 5 5 0
657 19 5 1 1
657 7 4 1 0
658 57 3 4 0
659 45 2 5 1
660 87 1 3 0
663 91 1 1 1
667 24 4 1 0
669 53 1 5 0
672 80 5 1 1
675 63 4 1 1
681 33 3 1 0
681 17 2 3 1
682 15 3 2 0
682 10 3 3 1
682 34 2 2 0
684 40 1 1 0
684 21 4 5 0
686 31 1 4 1
688 46 3 5 0
688 77 3 5 0
689 8 4 4 1
689 50 4 1 1
691 86 3 5 0
692 47 1 1 0
692 16 1 1 1
692 28 5 5 0
694 32 5 3 0
702 26 3 4 1
702 4 3 1 1
703 39 2 3 1
703 16 5 5 0
704 20 4 4 1
705 46 5 4 1
707 83 2 1 1
708 30 1 4 1
709 60 4 1 1
712 25 2 4 0
712 69 4 3 0
712 60 5 1 1
713 3 1 2 0
714 23 3 4 0
715 88 3 4 0
717 63 3 2 1
721 72 2 3 0
722 22 2 3 0
729 76 3 4 1
730 75 4 3 0
730 20 4 3 1
732 84 1 3 0
733 72 2 2 1
733 57 3 2 0
734 44 5 5 1
735 68 3 3 0
735 79 3 2 1
736 63 1 2 1
739 28 3 3 1
740 65 5 5 0
740 44 4 5 0
742 48 1 3 0
742 23 5 3 1
742 31 5 2 1
743 66 3 5 1
743 15 2 5 1
744 69 4 3 1
745 1 4 1 1
746 2 4 1 1
747 19 3 2 1
747 37 1 4 1
748 92 3 1 0
748 51 4 3 0
749 73 5 4 0
750 53 5 3 1
750 13 3 1 1
751 63 3 1 1
753 89 4 5 0
754 9 5 1 1
755 41 2 5 0
758 53 2 2 0
761 82 1 5 0
762 14 1 2 0
764 19 3 4 0
768 50 3 3 1
768 87 1 4 1
769 17 1 5 0
769 26 1 4 0
769 7 3 1 1
769 35 4 4 1
770 54 5 4 0
771 89 5 1 0
772 22 3 3 0
773 45 3 3 1
774 58 1 4 1
774 68 3 4 0
775 5 1 1 0
777 27 3 4 1
779 31 4 1 0
782 87 1 2 0
783 3 4 3 1
785 83 2 5 0
786 37 3 4 1
787 28 4 3 1
789 49 2 3 0
792 54 3 3 0
793 37 1 4 0
794 62 1 1 0
794 11 1 4 1
794 72 5 3 0
794 57 3 1 1
795 74 4 2 0
796 15 2 2 1
798 10 1 4 0
800 1 3 4 1
800 32 4 3 0
801 10 5 3 1
805 37 2 5 1
807 54 2 2 0
809 56 1 1 1
809 27 1 5 1
810 25 4 3 0
812 48 4 5 0
812 64 4 1 1
813 33 1 2 0
815 52 5 2 1
816 69 1 3 1
816 36 2 2 1
817 2 5 1 0
818 33 4 1 0
820 80 2 2 0
821 34 1 1 0
822 25 1 3 1
822 49 5 5 0
824 56 3 2 0
824 40 3 4 1
829 29 5 4 1
832 26 1 4 0
835 12 2 2 1
836 72 3 1 1
837 26 1 1 0
839 76 2 5 0
840 74 5 4 0
841 47 5 5 1
842 72 1 4 0
843 16 3 3 1
845 35 5 5 1
846 52 3 3 0
847 87 3 3 1
847 26 2 5 0
848 38 5 2 1
848 57 3 1 1
849 76 4 4 1
850 50 5 1 1
850 76 4 2 0
852 45 1 5 1
853 80 1 3 1
853 57 3 1 1
855 74 3 3 1
856 1 1 2 0
857 8 2 1 0
858 5 2 4 0
858 2 1 5 1
860 66 3 2 1
862 20 2 3 0
862 65 3 4 0
863 40 2 3 1
864 34 4 4 0
868 53 4 3 1
869 30 2 3 1
872 64 2 1 1
876 23 5 4 0
879 37 1 1 0
879 3 1 3 0
880 17 1 3 0
880 62 1 5 0
881 36 1 2 1
882 87 5 4 0
884 13 1 3 0
887 12 4 4 1
890 19 4 5 0
890 2 2 1 1
890 73 1 3 0
891 39 1 2 1
893 32 4 4 0
894 35 3 3 1
894 1 3 5 0
898 37 4 4 0
899 11 4 3 0
900 10 1 4 1
900 50 5 4 0
902 7 3 2 0
907 44 5 1 0
910 73 1 3 1
914 34 1 1 1
920 34 4 3 1
920 85 1 1 0
920 58 3 5 0
922 24 4 5 0
923 7 4 1 1
925 7 1 1 0
926 16 1 4 1
928 45 5 2 1
930 49 2 2 1
931 19 3 3 0
934 22 2 5 1
935 92 2 3 0
937 45 1 3 0
937 72 3 1 1
939 65 1 2 0
940 13 4 3 1
940 62 4 4 0
943 8 3 5 1
945 71 2 5 0
947 2 5 2 0
947 40 3 1 0
948 19 1 2 0
948 17 4 5 0
948 32 2 3 0
949 86 3 1 0
952 61 3 3 1
952 56 3 2 0
953 28 4 3 1
954 80 1 4 0
955 40 3 4 1
956 33 2 1 0
956 23 4 2 1
957 69 2 4 0
958 74 4 5 0
958 84 3 2 1
958 32 2 3 0
961 15 1 5 0
961 14 5 4 1
961 10 3 3 1
963 28 5 2 1
965 30 2 2 1
966 88 1 4 0
967 65 2 5 0
968 77 4 4 1
969 84 3 2 1
970 92 1 3 1
972 27 5 4 1
974 59 1 4 1
974 58 1 2 0
975 53 2 5 1
977 58 3 1 1
977 26 3 5 1
977 13 4 2 0
979 48 5 4 0
979 71 1 1 1
979 64 3 2 0
979 7 3 1 0
981 92 1 5 1
985 23 3 2 0
986 57 2 5 1
989 57 5 4 1
990 67 5 4 1
990 21 2 1 0
991 37 2 2 1
996 39 3 3 0
999 42 5 3 1
999 42 3 3 0
1000 81 2 2 0
1000 87 2 1 1
57 736
1 21 1 1 0
2 24 4 5 1
3 13 5 4 1
3 27 4 5 1
4 44 1 2 1
5 18 3 3 1
5 22 3 2 0
7 1 4 4 1
11 48 5 4 1
15 1 4 1 1
16 14 5 3 0
16 17 1 3 1
19 13 5 1 0
20 33 3 2 0
21 14 2 3 1
24 30 1 3 0
24 24 5 1 1
26 27 5 4 0
26 13 5 3 1
26 11 2 2 1
26 17 3 4 0
27 4 2 5 0
32 3 4 1 0
33 10 5 4 0
34 19 4 1 0
36 10 2 4 1
38 1 3 2 0
39 16 3 2 0
43 45 2 5 1
46 35 1 1 0
46 5 4 1 1
49 35 1 1 1
49 55 5 5 0
50 5 2 3 1
50 11 3 1 0
50 52 1 3 0
51 49 3 4 0
52 25 1 1 0
53 47 1 4 0
54 16 2 3 0
56 48 5 4 0
60 50 3 2 1
60 15 3 1 1
64 51 2 1 0
65 20 4 4 1
66 21 1 3 1
66 7 2 3 1
67 42 3 4 0
67 45 4 3 0
68 16 5 2 0
69 52 3 1 0
69 6 1 1 1
71 3 5 4 1
75 31 3 2 0
76 17 3 2 0
76 20 2 5 1
77 31 5 5 0
79 47 2 2 0
79 32 5 1 0
82 33 2 2 1
82 22 4 2 0
83 22 3 5 1
83 34 3 3 1
83 53 5 5 1
84 29 5 3 1
84 54 1 3 0
85 25 4 2 1
90 32 2 2 1
91 44 2 1 0
93 54 5 1 0
94 12 5 1 0
95 5 1 3 1
95 55 5 5 0
98 44 3 5 1
99 40 5 2 0
101 5 1 5 0
102 53 2 4 0
104 8 4 3 1
106 48 3 3 0
106 39 4 1 0
107 33 5 5 0
109 43 2 5 0
112 6 2 1 1
112 52 2 5 0
114 20 3 1 0
114 1 4 4 0
114 29 3 2 1
114 8 5 4 0
115 51 1 3 0
116 21 5 2 0
116 28 2 3 1
117 25 5 2 0
118 14 3 2 0
120 55 4 3 1
122 49 4 5 1
123 8 5 5 1
123 44 3 4 0
126 9 4 4 1
127 35 3 1 0
127 36 5 1 1
128 48 2 5 1
129 37 1 5 0
129 28 5 3 1
133 2 1 5 1
133 30 2 3 1
133 24 4 1 0
134 13 4 4 0
137 31 3 2 1
138 31 2 5 0
140 19 1 1 0
140 51 1 2 0
141 46 5 3 0
143 8 1 2 0
144 12 1 4 0
144 3 3 3 1
144 48 4 1 1
145 2 2 2 0
147 35 4 1 0
150 54 4 2 1
151 57 4 5 0
152 7 5 4 1
155 39 4 2 0
156 3 4 3 0
157 32 2 2 1
157 2 3 3 1
160 31 5 5 0
160 33 3 3 0
164 14 2 3 1
166 28 1 3 1
166 52 4 3 0
168 24 5 4 0
169 38 2 5 0
169 7 4 5 1
170 14 5 5 1
170 29 3 5 0
171 21 4 2 1
172 16 5 2 0
172 30 4 3 0
174 33 5 5 1
174 50 3 3 0
177 21 5 2 0
177 42 3 3 1
184 45 5 5 0
186 33 5 1 1
187 25 5 4 1
188 9 4 3 1
188 44 2 5 1
191 57 3 3 1
192 32 2 5 1
194 47 5 2 1
195 10 5 1 1
197 54 1 2 0
198 33 1 2 1
198 20 2 1 0
198 9 4 3 0
199 49 3 5 1
199 34 3 4 1
200 57 5 1 1
200 12 1 1 0
200 28 1 1 1
206 24 4 2 0
207 57 1 5 0
209 32 1 3 0
211 35 1 4 1
213 41 2 2 0
214 15 3 3 0
214 46 2 5 1
214 45 4 5 0
216 11 4 2 0
216 19 5 4 0
217 35 3 5 1
224 40 3 5 0
224 21 2 2 1
227 8 1 1 0
228 41 4 2 1
228 47 2 3 0
229 2 1 3 0
229 46 4 2 0
231 54 1 1 1
232 12 5 4 1
233 1 3 4 0
233 32 1 4 0
233 10 4 5 1
234 36 2 2 1
234 57 1 5 0
234 8 3 3 1
235 50 3 3 1
235 29 1 5 1
239 23 2 3 1
244 11 1 1 0
250 44 2 4 0
250 48 4 4 0
252 46 2 3 1
255 43 4 3 0
255 48 5 5 1
256 10 2 1 0
257 9 5 5 1
259 2 4 3 1
260 35 1 2 1
261 11 2 3 0
261 35 3 2 1
263 28 4 4 0
265 33 5 4 1
266 54 5 3 1
267 44 2 4 0
270 8 5 3 0
272 36 4 2 1
274 31 4 2 0
276 54 4 2 1
277 10 3 5 1
278 10 4 2 0
280 12 5 3 1
281 4 1 3 1
284 32 1 5 0
284 50 5 1 1
285 21 3 3 0
285 46 4 3 1
286 2 1 4 0
288 17 3 5 1
292 22 2 2 0
292 57 3 1 0
293 17 2 3 0
293 41 5 1 1
294 36 5 1 1
294 26 1 3 0
295 19 1 4 0
296 31 2 5 0
296 57 4 3 0
297 7 1 4 1
298 25 1 1 1
303 11 3 3 1
303 52 5 5 1
304 27 1 3 1
307 26 2 3 1
309 26 3 3 0
310 20 5 1 1
310 4 5 5 1
311 36 2 4 1
311 23 5 3 1
316 50 3 5 1
316 56 2 3 1
316 35 1 3 1
316 34 5 5 0
319 16 5 1 1
321 5 3 4 0
322 9 5 5 1
323 15 3 2 0
323 45 1 2 1
323 57 4 5 1
328 47 1 3 0
328 31 3 3 1
329 47 1 5 1
330 50 5 1 0
331 35 5 5 1
332 3 5 2 1
338 42 1 3 0
339 18 5 1 1
340 4 4 5 1
341 57 3 3 0
346 27 5 5 0
346 10 2 1 1
346 44 1 3 0
348 49 4 3 0
350 54 5 5 1
352 56 5 3 1
352 30 4 1 0
355 1 4 3 0
357 11 2 1 0
358 16 4 2 1
358 20 3 1 0
360 37 1 2 1
360 15 5 3 1
360 56 2 3 1
360 33 5 3 0
360 41 5 4 1
361 12 4 3 0
361 57 2 1 0
361 11 5 3 1
361 5 5 4 1
362 15 2 1 0
364 49 4 2 0
365 29 4 2 0
367 16 4 3 0
368 30 3 5 1
369 44 5 1 0
369 25 2 4 0
369 34 5 5 1
369 41 2 2 1
371 9 4 3 0
376 50 4 4 1
378 35 1 2 1
380 43 1 5 0
380 11 2 4 1
384 3 5 1 1
385 25 5 4 0
386 14 3 5 0
387 47 4 3 1
388 8 1 5 1
391 4 1 1 0
391 11 5 5 1
392 32 5 1 1
394 1 5 5 0
395 5 1 3 0
395 51 2 4 0
396 52 1 3 1
398 53 1 5 0
399 25 4 2 0
399 31 1 1 1
400 47 4 5 1
401 31 2 5 0
402 22 3 2 1
402 40 2 2 0
403 50 5 3 1
404 53 1 3 0
404 41 4 1 0
404 39 2 5 0
405 21 5 5 1
405 57 5 2 1
406 7 5 5 0
407 23 3 5 0
409 23 5 3 1
410 47 5 2 0
412 25 2 1 0
413 32 2 4 0
414 26 3 4 0
414 15 5 5 0
414 55 1 3 0
416 3 3 3 1
417 57 4 1 0
421 31 1 5 1
421 56 4 3 0
422 41 3 3 1
424 6 2 1 0
427 52 2 5 0
431 43 2 1 0
432 41 5 5 1
432 38 3 2 1
433 55 5 5 0
434 17 1 4 1
434 21 4 2 0
436 46 1 1 0
436 5 4 5 1
437 15 5 3 1
438 39 3 4 1
439 44 4 5 1
440 11 5 5 1
444 57 4 1 1
444 39 3 3 1
446 28 2 5 0
449 56 4 2 0
451 30 4 2 0
453 25 2 2 1
455 3 4 5 0
458 30 3 2 1
462 54 5 3 0
463 9 4 2 1
464 56 1 2 0
464 39 5 5 0
465 15 5 5 1
466 1 4 2 1
467 33 5 2 0
468 14 1 1 1
469 54 5 2 1
469 50 4 2 1
469 10 2 3 1
470 9 5 3 1
470 19 5 4 0
471 56 4 1 1
473 1 5 3 1
477 56 1 3 0
477 17 2 2 0
478 19 2 2 1
480 31 3 2 0
487 23 2 1 1
488 24 3 3 1
490 25 2 5 1
492 50 2 1 0
492 29 1 1 1
497 2 4 1 0
497 20 3 2 1
498 41 3 4 1
498 39 1 1 1
499 32 4 4 0
500 21 3 3 0
502 56 4 4 0
503 50 2 3 0
504 32 5 5 0
508 8 4 2 1
509 14 4 5 1
509 31 1 4 0
509 1 2 2 1
510 16 2 1 0
511 7 3 1 0
511 13 4 5 0
512 15 5 1 1
513 43 1 5 1
517 46 4 2 0
517 51 5 2 0
521 24 4 3 0
522 38 5 4 0
522 7 2 4 0
524 39 2 5 1
525 24 4 5 1
526 26 5 2 1
527 47 1 3 0
527 25 1 4 0
527 41 3 3 0
529 26 4 3 1
529 25 2 2 0
532 38 4 2 1
533 13 2 5 0
534 55 5 1 0
537 41 4 1 1
539 8 3 3 1
540 12 2 3 1
541 44 5 2 1
543 49 2 3 0
544 55 2 4 1
547 35 3 5 1
548 37 3 4 1
552 54 5 1 0
553 40 2 1 1
554 8 2 4 0
554 11 3 4 0
555 25 3 5 1
556 42 3 2 1
558 21 5 1 0
558 22 1 2 0
559 44 4 3 1
561 40 1 5 1
562 8 5 1 0
564 46 3 1 0
564 13 2 5 1
564 6 2 5 0
567 16 1 2 1
568 8 1 1 0
569 19 4 4 1
570 50 5 1 0
573 51 4 3 1
573 36 2 1 1
576 20 5 4 1
580 14 4 4 1
583 25 5 5 1
584 25 2 1 0
584 42 3 5 0
585 21 1 2 1
586 44 5 2 0
586 25 1 3 1
587 25 3 2 1
589 3 4 3 0
589 38 5 4 0
589 28 3 4 0
592 16 1 3 1
593 13 3 4 0
594 57 5 5 1
594 13 2 3 1
597 22 5 5 1
597 53 1 5 0
597 32 5 4 0
599 51 1 5 1
600 26 5 3 0
603 53 3 1 1
604 47 5 2 1
604 10 4 4 1
604 21 1 1 1
604 15 5 1 1
607 48 3 3 1
608 28 5 2 0
608 29 1 5 1
611 33 3 4 1
612 7 3 2 0
614 48 4 3 0
617 37 4 2 0
619 10 5 2 1
619 17 1 4 0
620 31 2 1 0
621 35 2 4 0
621 4 1 5 0
623 26 1 4 0
624 8 2 4 1
625 39 4 1 1
626 37 5 3 0
628 17 3 1 1
628 37 4 4 0
628 29 3 4 1
628 30 1 4 1
629 20 2 1 0
631 37 2 4 1
631 24 5 2 1
633 36 5 1 1
635 53 2 5 0
636 39 2 3 1
636 15 3 1 0
637 39 5 1 0
638 33 3 3 1
638 14 3 3 0
640 5 5 2 0
642 37 4 2 0
642 10 3 2 1
642 26 5 5 0
642 10 1 2 1
645 32 3 1 1
648 46 5 2 0
648 45 3 5 1
652 39 3 5 1
652 1 4 1 1
652 31 5 4 1
653 8 3 5 1
653 35 3 2 0
655 2 3 3 1
657 10 3 4 1
657 5 3 1 0
661 54 5 5 0
661 35 5 4 1
663 33 2 2 0
665 27 2 3 0
666 39 4 1 0
667 4 2 4 0
667 21 1 2 1
668 7 4 2 1
675 20 1 1 1
675 21 4 3 0
679 53 3 1 1
680 11 4 4 1
680 45 5 3 1
681 22 2 4 1
683 56 2 2 1
687 18 1 3 0
687 49 1 4 1
688 17 2 2 1
692 7 5 1 0
693 40 1 5 1
696 42 1 4 1
698 56 3 1 1
698 4 4 2 0
702 2 4 5 0
703 44 2 1 1
704 41 2 2 0
710 19 3 4 0
710 15 4 4 1
710 55 3 4 1
710 21 4 5 1
710 31 4 1 0
712 10 4 4 1
715 40 1 3 1
716 13 1 3 1
717 27 1 5 1
717 37 1 5 0
718 29 3 1 0
720 28 1 3 0
720 45 5 4 1
723 13 1 4 0
725 28 5 1 1
726 5 4 1 0
730 19 2 3 0
731 3 2 2 0
734 32 2 2 1
736 20 3 2 0
737 37 2 3 0
738 56 1 5 0
741 28 1 4 1
744 17 2 3 0
746 45 2 2 0
748 43 4 5 0
750 12 4 1 1
751 20 1 3 1
752 44 2 1 1
754 6 5 5 0
757 10 5 5 0
757 40 5 4 1
759 11 2 2 0
761 49 5 4 1
763 11 3 3 0
764 12 1 1 0
765 20 4 3 1
766 25 4 1 1
769 18 1 2 1
771 40 2 2 0
772 28 2 2 1
776 18 4 4 0
776 41 1 1 0
777 5 4 3 0
779 39 4 4 1
781 46 4 4 0
781 8 1 3 0
783 2 5 5 1
784 2 5 1 1
784 10 5 1 0
784 24 5 1 1
787 3 5 1 0
789 4 5 3 1
790 47 1 3 1
791 57 5 4 0
793 24 3 4 0
794 32 1 1 0
799 47 2 4 0
799 31 2 4 0
800 8 2 5 1
801 39 1 5 1
802 14 2 2 0
806 29 2 2 1
808 38 2 3 0
808 44 1 2 0
809 15 1 4 1
812 6 5 4 0
819 45 2 2 1
819 4 1 5 1
823 12 5 1 0
823 57 2 2 1
824 5 2 4 0
826 23 1 3 1
827 55 1 2 1
829 19 2 3 0
831 53 1 4 1
831 25 3 2 1
832 34 3 3 1
834 32 2 4 0
836 21 2 5 0
836 25 5 3 1
836 17 5 4 1
837 31 3 5 1
837 4 3 4 1
843 1 5 4 1
844 26 3 5 1
846 50 3 2 1
847 1 1 5 1
847 57 4 2 0
849 3 1 1 0
849 39 1 5 1
856 17 4 2 1
857 28 3 2 0
857 2 2 4 0
858 16 5 4 1
860 32 4 4 1
862 49 2 5 1
864 34 2 3 0
866 6 2 1 1
868 44 4 2 1
869 34 5 1 1
871 49 5 1 0
873 17 5 3 1
874 47 3 3 1
875 25 4 4 1
879 9 4 3 1
882 36 4 1 1
885 36 1 1 1
886 16 5 4 1
887 29 3 1 0
889 48 2 5 0
889 44 3 4 0
889 2 2 5 0
890 53 1 3 0
892 57 1 4 1
895 33 4 4 0
896 20 5 5 0
896 6 5 3 0
897 44 5 2 0
898 2 4 4 1
898 12 1 1 0
899 53 1 3 0
899 49 3 4 0
902 27 2 2 0
902 21 5 2 1
904 47 5 2 1
905 12 4 3 1
906 2 5 1 0
906 35 4 5 0
908 22 2 1 1
911 50 4 5 1
911 38 3 4 1
913 21 5 3 1
914 5 3 2 0
915 45 3 2 1
915 35 5 3 0
916 32 4 3 0
916 10 1 2 0
917 26 2 4 0
919 26 1 2 0
921 30 3 2 1
927 19 1 2 1
929 6 3 5 0
930 16 1 5 0
931 39 1 3 1
934 13 3 2 0
936 14 3 5 0
937 11 4 5 1
937 36 3 2 1
937 8 2 5 1
938 28 3 2 1
938 24 1 3 0
939 23 4 3 0
942 18 5 2 1
942 7 2 4 0
943 19 4 5 1
944 18 4 1 0
948 2 2 5 1
948 14 1 1 1
949 11 2 1 0
949 29 5 2 0
950 31 5 4 0
950 13 4 5 0
951 53 4 5 0
952 56 5 5 1
956 14 5 5 0
959 12 3 3 1
959 4 1 5 1
959 1 2 2 0
960 2 1 5 0
965 55 1 3 1
966 26 4 3 1
966 35 3 1 0
966 39 1 5 0
975 43 1 1 0
977 44 5 5 1
980 49 5 4 0
980 49 4 5 1
982 37 5 4 0
984 12 1 2 0
986 47 2 1 1
986 5 1 3 0
987 14 1 1 0
988 44 4 4 1
988 25 5 5 0
989 9 2 4 1
992 31 3 1 1
992 10 2 2 1
993 6 4 1 0
994 36 4 2 0
994 48 4 3 0
994 1 4 4 0
994 23 5 2 0
995 35 2 2 1
995 42 5 1 0
996 45 3 3 0
998 46 2 5 1
998 25 5 1 0
85 743
3 43 2 3 0
8 19 2 1 1
13 24 3 5 0
15 76 1 4 0
15 37 3 5 0
16 14 1 5 0
16 58 2 2 0
18 58 1 5 1
18 17 2 1 1
19 4 1 3 1
22 57 1 2 0
26 67 1 1 0
28 42 2 5 1
31 47 3 3 0
32 68 5 2 1
33 24 4 3 1
33 31 3 3 1
33 16 2 1 0
35 37 5 2 0
36 33 1 1 0
37 17 2 5 0
37 6 5 5 0
38 84 4 2 1
38 65 2 4 1
41 16 4 5 1
43 82 4 4 0
44 41 4 4 1
47 23 3 3 0
49 57 4 4 1
50 81 4 4 1
51 72 3 1 0
52 85 4 2 0
53 12 1 5 1
56 55 5 3 0
57 60 4 2 0
57 78 5 5 1
59 56 4 2 0
60 73 4 4 0
63 52 2 1 1
66 44 4 5 1
67 74 3 5 1
67 16 4 4 0
68 64 1 5 0
70 9 4 5 1
70 71 5 3 1
72 6 3 1 1
72 50 1 3 1
74 25 1 4 0
74 34 2 1 0
75 30 5 3 1
77 27 1 4 1
78 50 2 5 0
80 73 4 3 0
82 9 3 4 0
82 21 3 1 1
84 51 2 5 0
85 32 1 1 1
86 61 2 5 0
88 41 2 3 1
89 69 2 4 1
90 28 5 4 0
91 36 1 5 1
91 43 5 5 1
95 38 3 2 1
96 17 5 5 0
96 64 4 5 1
97 66 3 4 1
101 56 1 1 1
103 47 4 4 0
104 35 5 5 1
105 56 1 4 1
106 15 5 3 0
108 19 5 3 1
109 28 3 5 0
112 65 5 3 1
112 14 5 5 1
112 30 3 5 0
113 40 2 1 0
114 62 1 5 1
116 31 5 1 0
118 52 1 2 0
119 34 1 2 1
121 62 2 5 0
123 10 5 3 1
124 72 2 5 0
124 51 1 1 1
124 8 3 1 0
126 68 1 3 1
126 36 2 1 1
127 71 2 4 1
128 33 1 4 0
129 16 2 2 1
130 43 1 2 1
133 57 2 1 0
134 43 3 1 1
135 67 2 3 1
137 64 3 1 1
137 4 5 4 0
138 45 5 5 1
138 81 3 1 1
138 24 1 1 1
139 80 1 4 0
139 69 5 3 0
140 77 2 1 0
143 4 3 4 1
144 1 3 3 0
144 53 3 5 0
145 14 5 2 0
146 58 4 5 1
147 77 2 5 0
148 22 2 5 0
148 31 5 5 0
148 25 5 4 0
149 65 4 3 0
149 18 3 4 0
155 52 4 2 0
158 66 5 3 1
161 35 1 1 0
161 40 4 2 0
162 78 4 4 0
163 7 5 3 0
165 10 5 1 1
166 80 2 3 1
167 57 5 3 0
174 16 1 3 1
177 30 4 2 1
178 35 3 3 0
179 29 3 2 1
179 14 5 4 1
182 84 4 4 1
184 34 5 3 1
184 16 4 4 0
185 3 1 5 1
185 10 3 5 0
186 81 4 3 1
187 13 1 4 1
187 36 3 3 1
189 1 5 5 1
193 65 3 5 1
193 70 1 4 0
195 5 4 5 0
196 12 3 3 0
197 84 4 4 1
199 37 4 1 0
199 72 5 5 1
201 38 3 5 1
201 65 4 2 0
201 66 2 3 0
201 25 2 5 0
203 24 1 2 0
203 82 5 2 0
205 52 1 1 0
207 83 5 1 0
208 6 3 5 1
209 73 3 3 0
209 37 2 1 0
212 5 3 3 0
215 63 4 4 0
216 9 5 3 0
217 71 1 1 0
218 50 2 1 1
220 20 5 5 0
220 33 2 3 1
222 30 5 2 1
222 28 4 2 1
224 33 3 3 0
226 29 3 2 1
226 42 5 3 1
226 48 4 5 0
227 32 3 2 0
230 52 4 1 0
230 5 2 5 1
230 30 1 1 0
232 52 5 5 0
233 27 5 4 0
234 81 5 4 0
235 39 2 3 0
235 26 1 4 1
235 52 2 4 0
238 84 5 1 1
241 24 3 2 1
241 71 3 1 0
242 16 3 1 1
242 42 2 3 0
243 54 5 2 0
246 47 5 3 1
247 10 2 5 1
247 70 2 4 0
248 45 1 5 1
249 18 5 4 1
251 15 1 5 1
255 6 4 2 1
257 48 2 4 0
258 37 2 4 1
258 50 4 4 1
259 29 3 2 0
259 33 3 4 1
260 23 3 5 1
261 10 1 2 1
263 77 1 4 0
268 21 3 3 1
270 8 3 4 0
270 55 3 2 1
271 44 4 4 1
274 32 2 3 1
274 60 2 3 1
275 15 2 4 1
278 30 4 3 0
279 54 4 4 1
279 65 3 5 1
280 48 1 4 1
280 20 4 1 1
280 71 4 2 1
281 54 2 2 1
283 32 1 1 0
283 28 2 3 0
284 20 5 3 1
284 76 2 2 1
285 28 2 2 0
289 47 3 5 0
291 67 3 2 1
291 18 2 4 1
292 35 1 4 0
295 23 5 3 0
295 74 3 4 1
297 62 2 3 1
297 11 5 5 1
299 14 4 2 0
300 19 4 3 0
301 35 2 2 0
302 47 2 3 0
304 37 4 4 1
305 22 4 5 0
306 73 2 3 0
307 22 5 2 0
308 39 1 1 1
309 64 3 3 1
309 47 1 1 0
314 2 5 2 1
316 77 2 4 1
317 27 1 3 1
318 15 5 2 1
318 85 4 2 1
318 29 3 4 1
318 64 1 4 1
319 81 1 2 1
322 41 3 1 1
323 82 1 2 0
324 45 1 1 1
325 44 1 1 0
326 78 3 1 0
326 80 4 2 1
328 51 2 3 0
329 50 5 3 0
334 63 5 2 0
335 32 1 2 1
335 42 2 3 1
337 23 5 3 1
338 67 1 3 1
340 10 5 4 1
340 48 4 4 0
341 25 4 2 0
341 70 1 2 0
342 79 5 3 0
343 54 2 4 1
344 83 5 3 1
345 21 5 2 1
346 11 3 1 0
346 72 5 2 1
348 75 2 5 0
349 48 3 5 1
354 2 5 2 1
355 28 3 3 1
355 21 1 5 1
356 44 4 2 1
356 85 4 3 0
357 28 3 1 1
357 18 1 2 0
358 84 4 5 0
360 33 2 3 0
362 50 1 3 1
363 35 4 4 1
363 61 2 5 1
364 65 3 2 1
366 3 5 4 0
369 43 1 3 0
369 7 2 1 0
369 11 2 5 1
370 21 4 1 0
372 54 5 5 0
372 26 5 3 0
372 18 1 3 1
373 55 2 3 0
375 35 4 2 0
378 83 3 5 0
378 54 4 4 1
380 62 4 5 0
382 11 4 5 1
384 12 3 3 0
384 22 2 5 1
386 8 1 4 0
388 63 1 5 1
389 46 1 2 0
389 72 3 2 0
389 78 5 1 0
389 64 3 2 0
391 72 2 5 1
392 12 1 5 0
393 2 3 3 1
396 80 4 3 1
397 62 3 2 0
398 22 5 2 1
399 41 5 3 0
399 65 3 3 0
399 9 2 4 0
402 61 5 5 0
402 7 4 5 0
403 25 3 1 1
403 81 3 1 1
404 49 4 1 1
404 53 4 2 0
408 78 3 1 0
408 33 5 3 1
408 67 5 5 1
410 68 3 3 0
411 62 3 2 0
411 84 4 4 0
413 3 1 4 1
415 39 4 4 0
416 44 5 4 1
417 59 3 2 0
417 78 4 2 0
418 45 4 2 0
419 80 4 2 1
421 51 1 1 1
421 84 5 4 0
423 39 2 1 1
425 52 3 1 0
432 10 4 1 0
435 71 2 2 1
438 53 1 3 1
438 5 1 3 0
439 33 5 3 1
440 85 1 4 0
441 48 1 2 1
444 25 1 5 1
444 60 3 4 1
447 83 1 3 0
447 74 4 5 1
448 22 1 2 0
450 55 3 5 1
450 55 5 2 1
451 2 4 5 1
451 46 2 4 0
453 71 2 5 1
453 18 4 1 1
454 64 1 3 1
454 11 4 5 1
455 27 2 2 1
456 16 4 2 0
460 58 4 2 1
462 79 1 1 1
462 70 2 3 1
464 58 3 4 0
464 54 1 5 1
466 39 3 3 0
467 34 5 4 1
471 11 3 5 1
473 9 5 1 0
474 72 4 2 1
475 40 4 2 0
475 65 1 5 0
478 22 4 3 1
478 5 5 1 1
479 17 3 1 1
479 75 3 1 1
480 8 4 5 1
484 56 3 1 1
484 85 4 5 1
484 47 2 2 0
485 65 2 5 1
487 52 2 3 1
488 73 4 1 1
489 31 5 4 1
489 55 4 3 0
490 73 3 5 0
492 36 2 5 0
492 45 1 2 1
492 52 2 3 1
494 1 3 3 1
495 47 1 2 0
495 84 5 1 1
495 44 4 2 0
496 45 3 1 1
499 1 1 5 0
500 74 5 3 1
500 34 2 4 0
500 25 5 2 1
500 19 4 1 0
503 12 3 5 1
504 68 2 1 1
505 40 4 4 1
505 47 2 2 0
506 48 4 2 1
506 71 4 2 0
508 51 1 4 1
509 52 3 5 0
509 16 5 3 1
510 56 2 3 1
510 36 1 5 0
511 40 5 1 0
514 85 3 1 1
516 67 2 1 0
520 25 2 2 1
520 6 4 4 0
521 4 3 4 1
521 12 1 5 0
521 64 3 3 1
521 64 2 1 1
524 33 4 2 0
524 10 4 1 1
526 54 5 1 1
526 1 4 3 0
527 52 3 1 0
532 64 4 4 1
532 37 4 3 1
533 9 2 1 0
533 60 5 5 1
534 28 5 3 0
535 71 1 4 1
537 16 4 1 1
539 49 5 2 1
542 50 1 4 1
543 20 5 4 0
543 49 2 3 0
546 13 3 3 1
548 33 4 4 1
549 67 5 5 0
550 45 3 3 0
550 52 2 1 1
552 16 3 3 1
553 9 4 3 1
555 40 5 4 1
556 32 1 3 0
558 57 5 5 0
560 73 5 5 0
565 25 4 2 1
565 20 5 5 1
567 33 2 2 0
569 12 1 4 0
569 38 1 5 0
569 36 5 1 0
572 20 1 2 1
573 21 2 2 0
576 36 5 4 0
576 73 5 4 1
578 77 3 2 0
579 57 3 3 1
579 45 5 4 0
580 43 3 2 1
581 20 1 5 1
583 84 2 2 1
584 38 2 3 0
586 70 1 1 1
589 31 4 5 0
591 84 5 5 1
592 25 5 5 0
596 5 4 3 0
598 69 5 1 0
599 21 1 1 0
601 77 3 4 0
604 14 4 3 0
605 59 1 5 0
605 85 4 1 1
607 21 3 3 0
607 44 4 3 0
607 16 4 4 1
611 9 5 4 1
612 52 1 1 1
612 73 2 2 1
612 76 2 5 1
613 11 3 5 1
614 2 3 1 1
616 62 1 4 0
616 51 3 5 1
617 56 4 4 1
623 46 2 1 0
624 53 1 5 0
624 39 1 2 1
631 60 2 3 0
636 34 1 4 0
636 7 1 1 0
636 50 4 3 0
639 36 5 2 0
640 2 3 3 0
643 51 3 5 1
643 40 5 1 1
644 10 2 4 0
644 59 1 5 0
649 69 5 2 0
653 40 3 4 0
655 64 4 4 1
660 73 5 5 1
661 23 3 4 0
662 14 5 2 1
664 67 2 1 1
665 56 3 5 0
666 76 2 2 1
668 12 1 2 0
668 5 4 3 0
669 4 5 1 1
669 6 5 2 1
669 19 1 1 1
669 7 4 4 1
669 17 1 4 0
670 23 5 1 1
672 42 1 3 0
675 4 1 1 0
675 54 1 3 0
679 84 2 1 0
681 70 3 1 1
682 61 5 4 1
683 64 2 1 0
683 34 1 2 0
684 21 3 2 1
684 8 3 4 0
685 46 2 3 1
689 51 2 5 0
690 23 3 5 1
690 30 2 2 1
693 29 5 1 0
695 53 3 3 0
696 69 1 1 1
697 5 2 4 0
698 22 1 4 0
698 45 2 4 1
699 47 3 4 1
700 79 3 1 1
703 85 1 1 1
704 29 1 5 0
705 37 4 5 0
706 66 3 2 0
707 39 4 5 1
707 19 3 5 0
708 18 3 5 1
708 76 1 1 0
711 68 1 1 1
712 31 2 5 0
714 7 5 3 1
715 82 1 5 0
716 17 2 3 1
717 20 5 4 0
718 61 1 5 1
720 40 2 2 0
722 36 1 2 1
722 69 5 4 0
723 18 5 4 0
723 85 4 5 0
724 44 1 5 1
724 67 2 2 0
725 46 4 1 0
731 62 2 2 1
732 43 1 4 1
734 71 5 1 1
735 45 3 2 0
738 84 4 1 0
742 81 1 3 1
743 74 1 1 0
755 60 2 1 1
756 79 1 1 0
756 30 3 2 0
756 51 3 1 0
757 40 4 5 0
760 5 5 2 1
762 13 1 3 0
766 42 1 4 0
770 59 2 4 0
771 82 5 5 1
771 65 2 4 0
772 9 5 3 0
773 72 2 1 0
775 60 2 3 1
777 52 5 4 0
777 17 4 3 1
777 69 2 2 1
777 66 1 1 1
778 41 5 5 0
779 25 4 4 0
780 40 4 2 0
781 42 1 1 1
781 38 3 3 1
783 44 4 5 0
784 28 5 2 1
787 82 2 5 0
787 52 1 1 1
788 77 4 2 1
789 77 5 5 0
789 55 4 2 0
790 83 3 2 0
791 11 2 5 1
793 67 5 1 1
795 74 4 2 0
797 71 5 5 0
797 15 2 5 0
797 8 4 5 0
798 40 3 1 0
798 69 5 4 0
802 67 5 4 1
803 16 4 3 0
804 67 5 4 0
808 74 2 1 0
810 8 5 3 0
811 18 1 1 0
811 49 1 3 1
811 79 1 5 1
811 2 5 5 1
813 17 1 4 0
814 68 5 4 0
815 53 4 4 1
818 33 3 2 0
818 24 1 2 1
821 13 3 2 0
822 59 1 2 0
823 70 2 3 0
823 4 1 5 1
824 7 4 3 0
826 45 3 5 1
826 11 4 1 0
826 8 5 4 1
826 53 5 3 1
827 67 3 5 0
828 72 2 4 0
828 7 5 1 1
831 17 1 3 0
832 12 3 5 0
832 11 3 4 0
833 38 2 3 1
834 57 1 4 0
836 2 1 5 0
836 35 5 4 0
839 25 4 5 1
840 54 3 3 0
840 22 5 2 1
842 75 4 1 0
843 2 2 5 1
844 73 1 4 1
844 54 1 3 0
846 83 1 1 1
847 40 5 5 1
849 65 2 2 0
851 41 2 4 0
851 83 4 2 1
852 74 1 5 0
852 59 2 3 1
856 36 3 5 0
857 47 1 1 0
859 58 4 2 0
859 19 1 3 1
861 47 3 1 1
861 63 5 2 1
861 3 5 1 1
862 12 1 5 1
863 71 4 3 0
868 32 5 5 1
869 26 2 5 0
870 67 2 5 1
870 78 2 1 0
873 27 1 3 1
873 42 5 3 1
874 19 2 4 1
877 51 4 1 0
879 8 3 3 1
882 13 4 2 1
883 61 2 2 0
887 76 2 4 0
889 60 4 4 1
890 2 5 3 1
891 45 1 5 1
892 14 3 2 1
898 11 2 2 0
899 37 1 3 0
900 61 2 4 0
900 7 3 2 1
903 18 4 5 0
903 10 1 4 0
904 22 1 4 0
908 37 5 2 1
911 64 3 4 1
912 68 5 1 0
913 12 5 2 1
914 79 3 4 0
917 16 2 4 0
918 2 2 3 0
919 10 3 5 1
923 64 2 1 0
924 43 2 1 0
926 62 3 3 0
927 23 1 2 1
929 46 4 2 0
931 20 2 2 1
932 27 2 3 1
934 26 1 3 1
939 84 5 4 0
939 46 3 3 1
946 26 1 3 1
946 55 2 3 1
946 22 3 2 0
949 19 3 2 0
950 24 1 3 1
952 78 3 3 0
955 6 5 4 1
955 7 3 1 1
955 68 4 5 1
957 30 4 5 0
960 79 3 3 0
961 66 5 5 0
962 24 5 5 1
962 33 5 4 1
963 3 1 2 1
966 72 3 5 0
967 28 5 3 1
968 74 4 4 1
969 82 1 3 0
972 57 1 5 1
974 81 1 5 1
974 18 1 2 1
979 11 2 2 1
980 79 5 2 1
982 80 1 5 1
984 73 1 2 1
984 50 1 4 0
987 68 5 2 0
987 7 1 3 1
987 43 3 4 1
988 42 2 3 1
990 58 4 5 1
992 82 5 1 1
995 45 2 2 1
997 76 1 3 0
997 7 4 5 1
998 18 1 1 1
999 76 4 5 1
999 70 1 5 1
51 775
1 29 4 3 1
3 5 5 4 1
5 29 3 5 0
6 9 3 1 1
6 11 4 4 1
8 10 1 3 1
8 38 1 1 0
8 45 4 1 0
9 27 1 4 1
13 41 5 4 1
13 46 3 2 1
14 3 5 1 0
15 30 4 2 0
16 18 4 1 1
17 34 3 1 1
18 3 1 5 0
20 43 2 4 0
21 33 5 4 1
23 1 2 3 1
27 30 5 1 0
28 38 5 2 1
29 39 2 2 0
32 49 2 3 0
33 29 3 5 0
34 43 4 2 1
37 30 2 1 0
38 10 5 2 1
39 30 4 1 0
39 4 2 2 1
40 33 3 2 1
40 12 4 5 0
40 25 1 4 1
43 51 3 5 0
47 27 3 2 1
49 24 5 3 1
49 5 5 1 1
50 7 3 3 1
50 33 3 4 1
50 51 5 4 0
53 44 3 5 0
54 21 5 3 1
56 31 2 4 0
56 23 2 5 1
57 19 1 4 0
57 35 2 3 0
58 1 2 3 0
59 5 1 5 0
59 2 1 3 1
60 17 2 1 1
61 48 1 4 0
63 15 5 1 1
66 44 2 2 1
69 42 2 5 1
69 2 3 2 0
72 16 5 4 1
73 36 1 3 0
75 10 5 2 0
75 49 1 5 0
80 43 5 1 0
82 40 4 5 0
83 31 3 4 1
89 24 1 1 1
89 2 2 4 0
90 16 3 4 1
91 2 4 3 1
91 4 5 1 0
92 34 1 5 0
92 34 5 3 0
93 49 4 3 0
94 13 5 1 1
94 7 1 3 1
94 36 3 4 0
97 41 1 3 1
100 46 5 4 0
103 26 3 1 1
103 6 3 3 0
106 47 2 1 1
106 36 1 3 1
107 33 2 2 0
108 7 5 2 0
110 30 1 1 1
115 35 3 4 1
116 24 1 4 1
117 24 5 5 0
117 10 3 2 0
125 30 4 2 1
134 34 2 1 0
135 39 4 2 0
136 42 5 4 0
137 29 3 2 0
139 50 3 3 0
139 14 5 3 1
140 22 1 5 0
141 37 3 3 1
142 13 5 4 0
145 19 2 2 0
147 49 5 2 0
147 32 2 4 1
149 44 1 4 1
152 44 5 2 0
154 15 3 2 1
154 11 3 1 0
155 9 3 3 0
155 17 2 2 1
156 30 2 5 0
156 4 5 4 0
157 31 5 2 1
158 45 1 4 0
159 20 4 4 1
160 48 2 2 0
163 25 1 1 0
163 8 2 3 0
164 2 2 3 0
164 34 4 5 0
165 30 2 4 0
166 39 5 5 1
166 4 5 4 1
167 48 3 3 0
168 32 1 4 1
168 45 2 1 1
169 44 2 4 1
169 30 3 5 1
169 2 5 3 1
170 4 2 1 0
172 28 3 5 1
173 32 2 2 0
173 25 2 2 1
175 6 2 2 0
176 37 3 3 1
177 47 4 3 0
179 44 4 4 0
180 31 5 3 1
180 30 3 5 1
180 40 4 2 1
181 21 3 4 1
181 10 2 5 1
181 7 2 4 1
182 34 1 5 0
183 36 4 3 0
190 13 4 3 0
191 24 4 1 0
196 23 3 2 1
197 32 1 5 1
198 47 1 3 1
202 11 5 3 1
206 41 2 4 1
208 9 2 2 0
210 50 1 3 0
210 29 3 5 1
211 8 3 2 1
212 40 4 4 0
214 33 4 3 1
215 1 5 3 0
215 8 2 5 0
215 5 1 3 0
217 6 5 3 0
218 41 5 2 0
218 38 5 2 1
220 33 4 3 0
220 14 2 5 1
223 21 3 2 1
224 14 1 5 0
224 44 5 5 1
225 43 1 1 1
228 26 4 5 1
228 36 1 3 0
229 34 4 3 0
230 35 2 2 1
231 33 5 4 1
231 45 2 3 0
232 4 2 2 1
233 51 1 3 1
235 38 1 3 0
236 27 5 5 0
237 14 2 4 1
237 25 2 1 1
238 50 5 3 0
239 1 5 5 1
239 29 4 3 0
241 47 5 1 0
242 51 1 1 0
244 20 1 2 1
245 18 5 4 1
245 6 2 2 0
248 27 1 5 1
252 25 5 5 0
252 31 3 3 1
253 1 1 1 1
257 29 1 3 0
258 1 4 1 0
261 49 3 1 1
261 40 3 2 0
262 5 5 2 0
265 37 3 2 0
265 29 5 5 0
266 27 2 5 1
270 45 3 5 0
271 35 2 5 1
274 51 1 5 0
274 44 3 3 1
277 39 2 2 1
277 2 1 1 1
278 25 1 3 1
279 51 4 3 1
279 3 5 1 1
283 22 5 5 1
283 8 2 2 0
284 19 4 4 1
284 49 2 5 0
285 39 4 2 0
285 10 3 2 0
286 9 5 5 1
287 13 3 2 1
287 12 1 4 0
291 34 3 3 1
292 36 4 4 0
294 9 5 3 1
295 31 2 1 0
296 16 5 3 0
296 6 3 2 0
301 2 3 4 0
301 34 1 2 0
301 50 5 2 1
302 42 5 5 0
304 4 4 3 1
305 3 3 5 0
306 34 4 3 0
307 29 2 2 1
309 49 5 4 0
310 11 5 4 0
311 34 1 5 1
313 32 3 3 1
318 21 3 3 1
321 44 1 3 0
322 13 2 5 1
322 40 2 1 1
325 25 1 5 0
328 23 5 3 1
330 30 5 1 0
331 35 2 1 1
331 6 1 3 0
334 5 4 4 0
338 16 5 5 0
341 5 3 1 0
341 31 3 3 1
343 41 1 5 1
344 5 5 2 0
344 40 5 1 0
345 37 5 4 0
345 22 1 1 0
346 18 1 1 1
347 26 5 5 1
347 18 1 4 0
347 43 1 5 1
348 30 5 4 1
349 7 4 4 0
350 18 4 5 1
350 28 5 4 1
351 42 1 5 0
351 21 2 2 0
352 15 5 5 1
352 36 4 5 1
352 15 4 1 1
355 49 4 1 1
356 47 4 4 0
356 46 3 4 1
357 11 4 5 0
361 5 5 1 1
366 17 4 2 0
370 26 1 4 0
371 25 4 3 1
372 14 5 2 1
373 33 3 2 0
373 37 4 1 1
375 44 1 5 0
376 19 1 2 0
377 45 4 2 1
380 43 3 2 0
382 14 4 2 0
382 22 3 5 1
383 49 5 3 0
389 15 5 1 0
392 10 3 2 1
393 18 2 3 0
393 36 3 1 1
393 38 2 2 1
396 35 3 4 1
400 39 5 4 1
400 32 3 1 0
401 49 2 1 1
401 18 2 5 1
402 4 5 5 1
404 5 3 4 1
404 41 5 2 0
405 4 3 1 1
407 3 1 1 1
408 26 4 5 1
408 26 2 3 1
409 2 5 2 1
409 14 1 2 1
410 14 5 5 1
411 32 3 3 0
411 49 2 3 1
412 29 4 5 0
415 14 2 5 1
415 14 2 1 1
416 21 2 3 1
416 16 1 3 0
418 2 2 1 1
419 37 2 1 1
420 14 4 4 1
420 10 1 5 0
423 40 4 1 1
423 23 5 1 1
426 30 5 4 1
427 28 4 3 0
428 38 4 2 0
430 32 5 4 1
432 24 4 1 1
435 43 1 1 1
436 48 2 4 0
437 47 2 5 0
437 26 1 2 0
437 40 3 4 1
438 13 1 5 0
438 1 3 1 1
439 50 5 5 1
441 33 3 3 0
442 35 3 5 0
442 44 3 2 0
443 51 4 1 0
444 22 1 5 0
447 2 5 4 1
449 36 3 3 1
449 14 4 2 0
451 47 2 3 1
452 29 5 1 0
454 20 4 3 1
455 24 3 1 1
455 22 5 1 0
458 19 2 2 1
459 4 5 3 1
460 7 3 2 1
461 41 4 4 0
462 6 5 3 1
462 40 2 1 0
463 15 5 2 1
467 21 4 3 0
468 40 4 3 0
468 24 2 1 1
469 17 4 4 1
470 32 1 4 0
470 13 1 2 1
471 48 5 1 1
473 2 3 3 1
474 17 1 5 1
476 41 4 5 0
478 20 5 3 0
479 41 1 2 0
480 28 5 3 1
481 21 5 3 0
482 45 2 4 1
485 25 1 3 0
486 11 3 2 0
486 45 3 3 1
487 6 4 4 1
490 11 4 2 1
490 28 1 2 0
492 10 4 1 0
493 3 5 4 1
494 16 3 2 0
496 40 5 5 0
497 44 3 5 0
497 10 2 3 0
499 5 4 1 0
500 35 4 4 0
503 44 4 5 0
504 14 3 4 0
504 33 4 5 1
504 20 2 5 1
505 29 4 4 1
506 20 5 2 0
507 33 5 3 0
508 21 4 5 0
510 13 3 3 0
512 40 2 3 0
513 31 1 3 1
515 46 1 2 1
516 1 4 3 1
518 25 5 4 1
519 45 5 3 0
519 23 5 4 0
521 42 3 1 1
521 9 3 2 1
522 32 4 5 1
522 36 2 4 0
522 37 1 4 0
522 31 4 2 1
523 50 2 3 1
523 36 4 3 0
524 18 4 5 1
527 22 3 4 1
529 1 1 2 0
530 50 3 3 0
534 23 5 2 1
535 51 4 2 0
537 47 5 1 0
538 25 4 4 1
540 2 3 1 1
540 33 3 4 0
541 6 4 5 1
542 9 1 2 0
542 15 5 4 0
542 11 1 5 0
544 32 1 2 1
544 12 3 2 1
547 51 1 2 1
549 16 4 4 1
549 24 5 2 1
550 25 1 2 1
551 9 1 2 1
560 37 2 4 0
563 17 2 2 1
563 20 1 4 1
563 41 1 4 0
563 46 1 5 0
567 28 3 1 1
568 25 5 1 0
570 48 3 5 0
571 34 3 3 0
577 33 5 2 1
577 11 4 5 0
579 21 3 5 0
581 9 3 3 0
581 20 4 2 1
582 3 4 4 1
582 29 5 4 1
582 33 1 1 0
582 3 3 1 0
584 8 1 5 1
584 49 1 1 0
586 16 2 5 0
587 37 1 5 0
589 43 2 4 1
591 11 5 2 1
592 29 1 3 1
592 36 3 1 1
594 32 3 4 0
594 21 2 2 1
594 23 2 3 0
595 32 5 2 0
595 39 2 1 1
597 36 3 4 0
599 25 4 1 1
601 17 5 3 1
603 17 4 2 0
605 15 1 3 0
605 12 2 3 0
605 49 4 5 1
606 35 5 1 1
609 12 1 4 0
610 15 5 5 1
611 36 1 1 0
611 36 5 4 1
611 1 1 1 1
614 22 5 4 0
617 14 5 3 0
617 28 1 5 1
618 15 4 3 1
621 24 1 1 1
624 16 4 4 0
626 34 3 3 1
626 48 3 3 0
627 23 4 1 0
627 33 3 1 0
627 51 3 4 1
628 36 4 3 0
628 32 3 2 1
629 11 5 1 1
629 11 5 1 1
630 50 5 3 0
630 37 2 3 1
631 24 3 3 0
631 16 2 4 0
632 51 4 3 0
635 41 4 5 1
636 14 5 3 0
637 46 3 5 1
638 24 2 5 0
640 17 1 5 0
640 1 3 3 0
641 45 1 1 1
641 22 1 5 1
642 45 3 4 0
643 36 2 4 0
644 17 1 3 1
647 50 4 2 0
648 9 3 1 1
648 37 5 4 0
648 20 5 4 0
651 28 3 1 0
651 18 4 3 1
652 35 2 3 0
652 18 1 5 1
653 51 2 4 0
653 5 2 5 1
655 14 5 2 0
655 19 1 4 1
658 30 2 1 1
660 3 3 4 0
662 6 2 3 0
666 8 5 3 1
668 35 5 3 0
668 28 5 1 0
670 46 3 5 1
670 44 3 1 0
670 36 5 5 1
674 38 5 1 0
674 29 2 2 1
676 2 2 1 1
679 5 1 3 0
680 51 3 1 0
681 33 3 4 0
681 45 1 3 1
682 14 1 4 0
683 41 5 1 1
684 26 4 1 1
685 30 3 4 0
686 18 5 1 0
686 14 1 3 0
688 34 5 4 1
689 32 5 2 1
691 31 1 5 1
693 34 4 5 1
694 6 2 1 0
697 38 2 4 0
697 43 2 2 0
699 23 4 2 0
700 1 3 1 1
701 51 5 2 0
703 40 5 5 0
704 41 4 2 0
705 50 1 4 1
706 25 1 4 1
710 4 4 5 0
710 33 2 4 0
711 35 3 3 1
715 10 1 2 0
716 22 5 2 0
716 22 5 3 0
719 36 3 4 0
722 42 4 4 0
724 49 2 4 0
725 17 1 5 1
727 26 1 3 0
727 14 1 5 0
728 46 3 1 1
728 1 4 4 1
729 16 2 1 0
729 7 1 5 0
730 36 4 5 1
730 32 3 3 1
734 22 5 3 1
736 50 4 3 0
737 26 5 5 1
738 37 1 4 0
739 30 4 3 1
741 33 2 5 0
741 32 4 1 0
743 51 5 4 0
748 18 4 1 1
749 29 1 1 1
751 35 1 3 1
754 46 3 1 1
754 3 3 5 1
754 40 1 3 1
755 24 5 1 1
755 35 4 3 1
757 31 1 3 0
758 13 1 1 0
760 32 1 5 1
760 46 3 1 1
761 39 5 4 1
762 12 4 1 0
762 28 4 4 0
763 19 5 1 0
763 5 2 1 0
765 24 2 2 0
767 2 3 5 0
767 35 5 2 1
770 24 5 2 0
770 5 2 1 1
771 1 3 4 1
772 10 3 5 0
773 2 5 4 0
773 45 2 5 1
774 16 2 1 1
774 45 3 2 1
774 34 1 4 0
777 45 2 2 0
778 46 4 5 1
784 49 2 2 1
789 27 3 5 0
789 5 1 4 0
791 45 4 1 1
792 12 2 1 1
792 13 5 1 0
792 28 3 1 1
793 28 4 1 1
795 29 4 2 0
795 50 5 1 1
799 15 1 3 1
799 23 5 3 0
799 17 1 2 1
799 18 1 1 1
800 50 1 1 1
804 18 1 2 0
805 4 3 3 1
807 36 2 1 1
807 26 4 2 1
807 31 3 1 0
808 7 4 1 0
812 14 5 2 1
812 6 1 1 1
812 29 2 4 0
814 13 3 1 0
817 42 1 4 1
817 28 2 2 1
817 18 3 1 0
819 25 2 3 1
821 12 4 1 0
822 47 4 2 0
822 50 5 2 0
823 24 5 3 0
825 17 4 3 0
827 48 3 2 0
827 20 2 2 0
834 3 3 2 0
836 49 5 4 1
836 13 4 5 1
836 35 2 4 0
837 4 1 3 0
838 43 2 4 1
841 14 2 1 1
841 7 2 2 0
842 23 2 4 0
843 2 2 2 1
844 45 1 1 0
849 40 3 2 1
852 48 1 4 0
855 45 3 2 1
855 24 1 4 0
857 7 3 4 0
858 5 4 2 1
858 8 2 1 0
859 25 3 2 1
862 41 5 5 0
864 31 5 1 0
864 28 1 4 0
865 20 5 3 1
865 25 3 5 1
866 19 5 4 0
867 6 3 1 1
867 24 3 3 0
868 37 4 5 1
870 4 3 4 1
871 49 2 1 1
872 37 3 5 1
872 24 3 4 0
873 10 5 1 0
873 29 1 2 1
873 9 3 3 0
876 29 5 1 0
878 36 4 4 1
881 20 1 1 0
882 50 1 1 1
883 36 2 5 1
884 51 3 3 1
886 22 4 5 1
886 24 5 1 1
886 30 4 4 0
886 17 2 1 0
887 18 3 4 1
888 36 5 3 0
889 34 4 5 0
890 16 2 4 1
890 18 2 3 0
891 12 3 4 0
891 27 4 1 1
892 27 4 1 0
893 33 4 2 1
893 25 5 5 0
896 41 3 2 0
897 6 4 1 0
898 3 3 4 0
899 34 5 3 1
899 42 5 2 1
899 49 5 5 1
901 32 5 5 0
903 23 2 4 1
907 30 2 5 0
907 45 2 2 1
907 40 1 3 1
908 44 5 4 0
909 25 2 5 0
912 10 5 5 0
912 19 3 2 1
913 23 1 5 1
919 38 2 5 0
919 39 2 3 1
920 16 5 1 0
921 29 5 2 0
925 4 1 4 1
927 40 1 1 0
930 4 1 2 0
930 45 3 5 0
931 27 1 4 1
932 6 5 5 0
935 32 3 5 0
936 44 2 2 1
936 8 3 5 0
937 40 5 4 0
941 17 5 2 1
941 45 2 3 1
943 38 4 1 0
943 8 4 3 1
944 24 2 1 1
945 43 3 2 1
947 46 5 5 1
948 1 3 2 1
950 21 5 1 0
950 21 2 2 1
952 38 4 2 0
954 14 3 3 0
957 36 3 4 1
958 25 3 4 1
960 10 5 3 1
961 18 5 5 1
962 51 3 3 1
964 22 1 5 0
966 12 3 1 1
967 43 5 1 0
968 28 1 2 0
970 38 4 5 0
971 22 2 2 0
972 28 1 3 0
972 42 5 4 1
973 9 3 2 0
973 36 1 3 0
977 49 1 4 1
977 27 3 2 1
977 3 2 5 1
977 36 4 4 0
977 8 3 3 0
981 51 4 2 0
981 4 1 5 1
982 20 5 5 0
983 19 4 5 0
983 38 2 1 1
983 44 1 5 1
984 6 5 4 0
984 41 2 3 1
985 31 5 2 0
986 27 2 3 1
987 29 5 5 1
989 51 1 5 1
990 38 2 1 1
990 19 1 2 1
991 43 4 1 0
995 42 5 2 0
995 37 2 3 0
997 48 1 2 0
997 39 3 5 0
998 2 4 5 1
999 46 2 1 1
