5
8 73
3 6 4 5 1
4 8 1 5 0
4 1 3 4 1
6 2 2 1 1
6 6 3 2 0
7 2 3 2 0
9 4 5 4 1
12 8 3 2 0
12 3 1 5 0
14 7 5 3 0
17 7 3 1 1
17 3 1 3 0
18 6 3 1 1
19 7 3 2 0
20 2 1 4 1
22 2 3 2 0
23 1 1 4 0
23 5 1 5 0
24 7 1 4 0
24 5 4 4 1
25 2 3 1 1
28 2 5 4 1
28 6 3 2 0
30 7 3 4 0
31 3 5 4 1
36 3 4 3 1
36 6 4 4 0
38 7 5 5 1
41 7 1 3 0
43 7 1 4 1
43 1 1 3 1
43 6 2 5 0
47 5 1 2 0
47 2 2 1 1
48 5 2 3 1
48 8 1 3 0
50 2 2 5 1
51 3 4 4 0
51 8 4 3 0
51 5 2 1 1
52 7 1 4 0
53 5 3 4 0
55 8 1 1 0
57 4 5 2 0
57 6 4 1 1
58 1 1 1 0
60 2 2 3 1
60 1 5 5 1
62 4 5 3 1
62 5 2 2 0
62 4 2 4 1
65 7 3 1 1
68 4 5 4 0
70 3 2 1 1
72 7 1 3 1
75 7 3 2 0
75 2 1 3 1
79 4 2 5 0
79 4 1 3 0
80 4 3 5 0
80 1 5 5 0
80 5 4 1 0
80 5 2 3 1
80 4 3 3 0
80 8 1 4 1
81 5 5 3 1
83 1 5 1 1
88 3 1 2 1
93 4 1 1 0
94 4 4 5 0
96 8 3 2 0
98 3 3 3 0
98 2 3 2 1
6 51
2 6 1 4 1
3 4 3 1 0
3 6 4 2 0
5 1 1 2 1
9 6 2 5 1
10 1 5 4 1
12 4 2 3 1
14 6 3 5 1
15 5 2 5 0
15 5 1 4 1
17 1 1 4 0
19 2 2 5 1
20 1 4 1 1
20 3 3 2 0
20 1 1 3 1
20 1 5 5 0
23 6 1 2 0
25 3 1 4 1
30 1 5 3 1
30 5 3 1 1
31 4 1 5 0
35 6 5 5 0
35 1 2 3 1
36 6 1 4 1
36 2 3 3 0
36 6 3 3 1
36 5 4 3 0
37 2 2 4 0
39 3 5 4 1
47 4 1 3 0
47 3 2 2 1
48 6 2 4 0
53 6 1 2 0
56 2 2 2 1
57 3 2 2 1
62 2 4 5 0
62 4 2 2 0
63 1 4 5 1
64 5 2 4 1
65 6 3 5 0
70 5 4 3 1
78 6 4 4 0
79 6 5 2 0
83 5 2 5 1
83 5 2 3 0
87 6 5 5 0
87 1 3 2 1
88 1 5 4 1
92 1 5 1 0
94 2 4 2 1
99 1 1 2 0
7 55
7 1 4 1 1
9 3 3 3 1
12 6 5 3 0
14 4 3 4 1
14 5 1 4 1
18 5 2 4 0
19 5 5 4 0
23 4 1 2 0
24 7 2 4 0
24 7 2 5 1
24 3 4 4 0
26 4 1 1 1
28 6 4 3 1
36 7 1 5 0
37 6 3 3 0
37 5 3 2 0
39 1 3 1 1
44 4 2 2 0
46 3 1 5 1
48 7 5 1 1
50 2 1 2 1
53 5 1 1 1
54 5 1 3 0
54 2 1 1 0
58 7 5 4 1
59 6 4 3 0
59 6 5 3 0
60 2 4 3 0
61 3 3 3 0
65 4 2 2 1
66 6 2 4 1
67 3 5 2 1
69 5 3 3 0
75 2 4 3 0
77 4 2 4 0
77 7 1 1 1
78 2 1 2 1
79 3 5 1 0
79 4 3 5 1
81 1 5 2 1
81 1 4 3 1
83 2 3 1 0
84 3 3 1 0
87 2 4 2 1
89 4 4 4 1
90 2 1 5 1
91 6 4 3 1
93 7 2 1 0
93 1 5 2 0
96 7 2 3 0
96 5 2 4 1
97 7 5 4 1
98 4 4 5 0
100 7 3 3 0
100 6 1 4 0
5 50
4 4 5 1 0
6 5 2 4 0
7 3 3 5 0
10 5 2 4 0
11 4 4 4 0
13 3 4 3 1
15 2 2 1 1
15 2 2 4 1
17 5 5 3 0
18 4 1 4 0
19 1 4 3 1
21 2 5 2 0
25 5 2 4 0
26 3 2 5 1
28 5 5 4 1
30 1 1 5 1
30 1 4 3 1
32 2 2 5 1
33 2 1 3 0
35 5 1 2 1
36 2 5 2 0
37 2 4 1 1
38 4 3 2 0
40 2 1 4 1
40 5 4 4 1
42 3 5 1 1
44 1 4 1 0
44 1 1 4 0
46 2 5 2 1
46 3 5 4 1
46 2 3 4 1
46 4 1 4 0
48 2 1 5 1
49 2 1 2 0
56 1 5 1 0
58 4 2 2 1
68 5 3 3 0
75 3 3 1 1
76 5 2 4 1
76 3 2 5 0
78 1 1 4 0
83 2 5 4 0
86 2 3 1 0
89 2 4 5 0
89 2 5 1 1
89 4 2 3 1
93 5 4 4 0
94 1 3 4 0
95 3 4 5 0
96 2 4 5 0
6 98
1 5 5 3 1
2 3 1 3 1
2 4 3 1 0
2 2 4 5 1
3 4 5 4 1
4 1 4 3 0
4 5 2 4 1
4 3 1 1 0
5 1 1 2 0
6 1 5 2 1
8 3 3 2 1
11 3 1 2 1
11 6 3 1 0
11 1 4 1 1
12 6 5 3 1
15 4 2 3 1
17 1 1 4 1
17 1 4 3 1
19 6 4 2 1
19 6 5 5 1
21 5 4 2 1
22 2 3 4 1
22 3 4 5 1
23 2 5 4 1
23 5 2 1 0
24 1 5 5 1
24 2 4 1 1
25 4 4 5 0
25 4 3 4 0
26 1 2 2 0
26 3 1 3 1
26 2 2 2 1
28 6 4 2 1
28 4 4 3 0
29 1 4 4 1
30 3 5 3 1
31 5 2 2 1
32 4 5 3 0
32 3 5 4 1
34 2 1 3 1
35 5 2 4 1
35 2 2 5 0
35 4 4 1 0
36 1 4 2 1
37 5 5 4 0
37 4 4 3 1
40 6 3 1 0
41 2 1 2 0
41 6 2 1 0
41 1 4 5 1
42 1 2 5 1
42 5 5 1 1
44 1 2 4 1
44 4 5 5 1
45 4 1 5 1
45 5 5 4 0
47 4 1 4 0
48 3 5 1 0
48 4 5 4 1
54 4 5 4 1
56 2 2 5 0
56 1 5 5 0
58 3 4 4 1
60 6 1 1 1
61 1 2 3 0
62 1 4 1 0
64 6 1 5 0
66 6 3 3 0
68 1 3 4 0
71 6 5 1 1
71 6 2 1 1
72 4 4 2 0
73 5 3 1 1
75 6 2 5 0
76 6 3 4 0
77 6 1 4 1
78 5 1 4 1
80 5 5 4 1
80 1 5 2 1
81 5 5 2 0
81 5 5 3 0
81 2 2 5 1
82 4 4 1 0
83 3 1 1 0
83 6 2 2 0
85 2 5 2 1
88 2 4 2 1
88 5 3 1 0
91 1 3 2 1
91 1 2 1 1
92 1 4 3 0
93 6 4 2 0
97 1 2 3 1
97 6 4 4 1
98 5 5 5 1
98 1 5 2 0
100 5 1 3 1
100 3 5 3 1
