5
6 56
1 1 3 5 1
4 6 4 3 0
9 1 5 4 0
11 1 1 5 1
13 6 4 4 1
17 2 2 4 1
17 5 2 1 1
17 6 3 2 1
18 3 5 5 0
19 2 3 5 1
21 6 2 5 0
22 1 1 1 0
23 1 2 1 0
27 6 5 2 1
29 6 2 3 1
32 4 5 5 0
34 1 2 3 0
37 1 1 2 0
37 3 2 4 1
41 4 4 4 0
42 1 2 2 0
42 5 2 4 0
43 6 2 3 0
43 2 4 1 0
43 1 2 3 1
43 5 3 5 0
44 5 4 2 0
44 6 3 2 1
47 1 5 1 1
48 6 3 5 1
49 2 3 3 1
50 3 4 5 1
51 6 5 1 0
52 3 3 4 0
53 1 3 2 0
55 6 5 1 1
59 2 3 2 1
62 6 2 5 1
63 3 5 4 1
65 2 3 5 0
66 2 2 4 0
71 6 3 2 1
72 5 1 1 1
77 6 5 4 0
78 5 1 3 0
80 4 3 4 0
84 4 2 1 1
89 1 5 5 1
89 4 3 2 1
90 5 2 4 1
90 4 5 3 0
91 1 4 4 0
94 6 5 3 1
95 6 1 3 0
98 2 1 4 1
99 1 4 1 1
5 100
2 1 4 2 0
2 1 4 3 1
2 1 5 4 1
3 4 2 1 0
4 1 3 3 1
4 1 4 1 1
8 2 2 4 0
9 2 5 1 0
14 4 2 2 1
14 5 1 3 1
15 2 4 1 0
16 1 3 2 1
17 2 2 4 1
19 2 2 1 0
20 2 3 2 0
22 1 1 3 1
22 3 1 3 1
23 5 3 1 1
24 4 1 3 0
25 1 4 1 1
27 4 4 2 1
27 2 2 4 1
28 3 3 2 1
28 5 4 2 0
28 1 2 2 1
30 3 1 1 0
31 1 4 3 1
32 3 5 1 1
33 1 5 5 0
34 5 4 5 1
34 5 4 4 1
35 2 4 2 1
36 1 5 1 1
38 4 3 3 0
38 1 1 4 1
40 1 2 5 1
42 1 5 2 1
42 4 1 2 1
42 4 3 2 0
42 1 3 2 1
42 2 2 2 1
43 4 1 2 1
44 1 2 5 0
45 2 3 4 1
45 4 1 4 1
47 4 3 3 1
48 4 5 4 0
49 2 5 5 0
50 3 1 4 1
50 2 4 2 1
51 4 3 5 1
54 3 3 1 1
54 3 4 4 1
55 2 1 4 0
56 3 2 3 1
58 4 4 3 1
58 5 2 5 0
59 5 1 5 1
59 5 2 2 1
59 1 3 2 0
59 1 1 3 0
60 1 3 3 0
61 1 4 1 1
61 2 4 4 0
61 3 4 1 0
63 1 4 1 0
63 2 5 2 1
64 1 2 5 0
64 2 3 4 1
66 1 3 1 0
66 5 5 1 1
69 4 2 5 0
69 3 4 3 1
71 4 5 2 0
71 2 5 3 1
72 4 5 5 1
72 2 2 3 1
74 3 5 2 0
74 1 5 4 1
77 1 5 1 0
78 2 5 2 1
79 3 4 1 0
80 5 2 4 1
81 5 1 2 1
81 2 5 4 1
82 2 3 5 1
84 1 4 2 1
85 4 5 3 1
86 2 1 1 1
86 5 2 3 1
88 1 1 4 0
89 5 1 5 1
91 5 5 3 1
93 1 3 2 1
95 4 3 4 1
97 5 4 4 1
98 1 5 1 0
99 5 1 2 0
99 1 3 3 1
100 1 5 3 0
8 81
1 2 4 3 1
5 5 2 3 1
5 5 2 4 1
5 7 4 5 1
6 2 5 5 0
7 1 3 3 1
7 1 3 4 0
8 1 1 5 1
11 4 2 1 0
11 1 1 5 0
12 6 1 4 0
13 5 5 4 0
14 3 2 3 0
14 5 1 5 1
15 3 5 5 1
19 6 3 5 1
20 5 4 1 0
20 6 5 2 1
21 7 3 4 1
23 5 2 4 1
24 6 2 2 0
25 4 1 4 0
26 1 4 2 1
26 2 2 3 0
26 6 2 1 1
28 7 3 2 0
28 4 3 1 1
29 8 1 5 0
29 1 3 4 1
29 6 3 2 0
30 2 4 5 0
30 8 4 4 0
30 6 1 2 1
31 2 4 4 0
32 6 3 5 0
34 3 3 1 1
34 5 4 5 0
38 8 2 1 0
41 7 3 5 0
42 3 2 4 1
42 8 2 3 1
46 4 3 2 0
47 4 3 3 1
48 5 4 1 0
49 6 5 1 1
50 2 2 1 0
54 1 5 5 1
55 8 3 1 1
56 4 1 1 1
57 7 3 3 1
58 5 4 4 0
58 3 2 5 1
58 2 5 4 0
59 5 1 1 1
61 1 4 1 1
65 4 2 1 0
70 5 2 3 1
73 2 4 5 0
74 4 2 2 0
76 6 4 1 0
80 8 3 3 0
80 6 3 2 0
81 4 5 5 0
81 6 2 2 1
83 1 5 5 1
85 6 4 1 1
86 7 1 3 0
87 2 2 5 1
87 2 4 2 0
88 3 3 5 1
88 1 1 5 0
89 6 2 4 0
93 2 1 1 1
94 7 1 3 0
95 5 1 2 1
96 7 3 2 1
96 4 5 2 1
96 8 2 1 0
96 8 4 2 0
98 5 4 4 0
100 5 3 3 0
6 69
1 5 4 2 0
2 5 3 2 0
5 2 3 4 1
7 3 1 1 0
9 3 5 1 0
9 1 4 5 1
10 5 4 5 0
10 2 1 1 0
11 5 3 4 0
12 6 4 2 0
12 5 3 1 1
12 2 2 4 1
12 2 2 5 0
14 5 2 5 1
14 5 3 3 1
14 1 5 1 1
17 1 1 4 1
20 6 4 4 1
20 5 1 2 0
21 5 5 2 1
22 6 5 1 0
23 3 5 3 1
26 6 2 1 1
28 4 3 5 0
32 2 5 5 1
32 4 5 4 0
33 2 3 3 0
36 6 5 2 1
37 6 1 2 1
39 3 1 4 1
42 1 1 2 0
43 1 3 5 1
44 3 4 5 1
46 2 2 1 1
48 6 1 1 1
49 3 2 2 0
49 2 4 5 0
50 6 1 3 0
51 2 3 2 1
53 4 3 4 0
53 1 3 3 0
53 1 1 4 0
56 1 3 5 1
56 3 2 4 0
57 1 3 5 1
61 4 3 5 1
62 6 2 5 0
65 4 4 1 1
67 1 4 2 1
68 2 2 4 0
74 1 5 1 1
76 5 1 4 0
77 3 3 1 1
77 4 1 2 1
79 5 4 3 0
79 5 1 1 0
80 6 2 2 0
80 1 1 3 0
81 1 2 3 1
85 4 3 1 0
85 1 4 5 1
86 3 3 4 0
87 5 5 1 0
88 1 3 1 0
90 4 4 1 1
91 3 4 2 1
95 5 4 1 0
95 6 5 5 0
98 6 1 2 0
5 67
2 5 3 4 0
4 3 1 4 0
5 2 3 2 1
6 4 3 3 0
12 1 2 1 0
16 1 3 5 1
16 5 2 4 1
18 5 4 2 0
18 4 3 3 0
18 3 3 5 0
21 2 3 4 1
27 4 4 1 0
31 2 2 2 1
32 2 3 4 1
33 3 5 2 0
37 2 2 1 0
37 3 1 4 0
39 5 2 3 0
40 5 5 2 1
41 5 4 5 0
41 3 4 1 1
43 3 4 3 1
44 4 2 3 0
46 5 5 3 0
48 1 2 5 1
48 4 3 1 0
48 3 2 5 1
50 2 4 2 0
50 4 3 2 0
51 4 3 5 1
52 4 2 3 1
53 2 2 2 1
54 3 4 1 0
54 4 5 1 1
55 4 3 1 0
55 5 2 1 0
56 1 5 2 0
56 3 1 1 1
58 1 4 4 0
59 4 1 1 1
59 4 5 3 1
60 3 1 4 0
61 3 3 3 0
61 1 5 1 1
62 5 4 1 0
64 3 5 1 0
65 3 5 3 0
68 5 3 3 0
72 4 2 3 1
72 4 5 3 0
73 4 3 2 1
74 2 5 3 0
74 4 3 4 0
76 2 3 3 1
79 1 2 4 1
79 5 3 5 0
83 4 3 5 0
84 4 5 2 0
86 2 1 1 0
90 4 5 5 0
93 1 2 2 0
95 3 1 4 1
96 1 1 4 1
96 4 4 3 0
97 5 1 5 1
97 3 4 3 1
100 2 2 5 1
